9.037980000000000302e+01 5.337000000000002853e-02
9.191165999999999769e+01 3.969000000000000306e-02
9.344351999999999236e+01 2.915999999999996373e-02
9.497537999999998704e+01 2.615000000000000657e-02
9.650723999999999592e+01 3.081999999999995854e-02
9.803910000000000480e+01 4.962999999999995193e-02
9.957095999999999947e+01 6.315000000000003944e-02
1.011028199999999941e+02 5.466000000000004189e-02
1.026346800000000030e+02 4.857000000000000206e-02
1.041665399999999977e+02 6.308000000000002494e-02
1.056983999999999924e+02 6.630999999999998007e-02
1.072302599999999870e+02 9.462000000000003741e-02
1.087621199999999959e+02 8.962999999999998746e-02
1.102939800000000048e+02 8.076000000000005397e-02
1.118258399999999995e+02 9.362999999999999101e-02
1.133576999999999941e+02 8.443000000000000504e-02
1.148895599999999888e+02 7.413999999999998369e-02
1.164214200000000119e+02 6.891000000000002679e-02
1.179532800000000066e+02 6.584999999999996412e-02
1.194851400000000012e+02 6.352000000000002089e-02
1.210169999999999959e+02 4.681999999999997275e-02
1.225488600000000048e+02 3.559000000000001052e-02
1.240807199999999995e+02 3.220999999999996088e-02
1.256125799999999941e+02 3.712999999999999634e-02
1.271444399999999888e+02 4.064999999999996394e-02
1.286762999999999977e+02 3.686000000000000387e-02
1.302081599999999924e+02 3.556000000000003602e-02
1.317400200000000154e+02 4.125999999999996337e-02
1.332718800000000101e+02 4.566000000000003389e-02
1.348037400000000048e+02 4.532999999999998142e-02
1.363355999999999995e+02 4.954000000000002846e-02
1.378674599999999941e+02 5.550999999999994827e-02
1.393993200000000172e+02 5.869000000000001993e-02
1.409311800000000119e+02 6.089999999999995417e-02
1.424630400000000066e+02 6.015000000000003677e-02
1.439949000000000012e+02 5.613000000000001322e-02
1.455267599999999959e+02 5.123999999999995225e-02
1.470586199999999906e+02 4.473000000000004750e-02
1.485904799999999852e+02 3.771999999999997577e-02
1.501223400000000083e+02 3.371999999999997222e-02
1.516542000000000030e+02 3.088000000000001855e-02
1.531860599999999977e+02 2.854999999999996430e-02
1.547179199999999923e+02 2.532999999999996366e-02
1.562497799999999870e+02 2.420999999999995378e-02
1.577816399999999817e+02 2.307000000000003492e-02
1.593134999999999764e+02 2.307000000000003492e-02
1.608453599999999710e+02 2.470000000000005524e-02
1.623772199999999941e+02 2.634000000000003006e-02
1.639090800000000172e+02 3.251000000000003887e-02
1.654409400000000119e+02 3.876000000000001666e-02
1.669728000000000065e+02 4.095999999999999641e-02
1.685046600000000012e+02 4.232000000000002427e-02
1.700365199999999959e+02 4.266999999999998572e-02
1.715683799999999906e+02 4.268000000000005123e-02
1.731002400000000137e+02 4.129000000000004889e-02
1.746321000000000083e+02 3.842999999999996419e-02
1.761639600000000314e+02 3.795999999999999375e-02
1.776958200000000261e+02 3.622999999999998444e-02
1.792276800000000208e+02 3.029000000000003912e-02
1.807595400000000154e+02 2.927999999999997272e-02
1.822914000000000101e+02 3.429999999999999716e-02
1.838232600000000048e+02 3.573000000000003951e-02
1.853551199999999994e+02 3.085999999999999854e-02
1.868869799999999941e+02 2.622999999999997556e-02
1.884188399999999888e+02 2.503999999999995119e-02
1.899507000000000119e+02 2.605000000000001759e-02
1.914825600000000065e+02 2.569999999999994511e-02
1.930144200000000012e+02 2.558000000000004714e-02
1.945462799999999959e+02 3.115000000000001101e-02
1.960781399999999906e+02 3.505999999999998007e-02
1.976099999999999852e+02 3.335999999999994525e-02
1.991418599999999799e+02 3.044999999999997708e-02
2.006737200000000030e+02 2.878999999999998227e-02
2.022055799999999977e+02 3.066000000000002057e-02
2.037374399999999923e+02 3.051000000000003709e-02
2.052693000000000154e+02 2.927999999999997272e-02
2.068011600000000101e+02 3.078000000000002956e-02
2.083330200000000048e+02 3.215000000000001190e-02
2.098648799999999994e+02 3.156000000000003247e-02
2.113967400000000225e+02 2.900000000000002576e-02
2.129286000000000172e+02 2.666000000000001702e-02
2.144604600000000119e+02 2.717999999999998195e-02
2.159923200000000350e+02 2.993000000000001215e-02
2.175241800000000296e+02 3.088000000000001855e-02
2.190560400000000243e+02 3.095999999999998753e-02
2.205879000000000190e+02 3.317999999999998728e-02
2.221197600000000136e+02 3.549999999999997602e-02
2.236516200000000083e+02 3.605000000000002647e-02
2.251834800000000030e+02 3.534999999999999254e-02
2.267153400000000261e+02 3.590999999999999748e-02
2.282472000000000207e+02 3.549000000000002153e-02
2.297790600000000154e+02 3.415000000000001368e-02
2.313109200000000101e+02 3.303999999999995829e-02
2.328427800000000047e+02 3.256999999999998785e-02
2.343746399999999994e+02 3.325000000000000178e-02
2.359064999999999941e+02 3.361000000000002874e-02
2.374383599999999888e+02 3.354999999999996874e-02
2.389702199999999834e+02 3.361999999999998323e-02
2.405020800000000065e+02 3.351000000000003975e-02
2.420339400000000012e+02 3.254999999999996785e-02
2.435657999999999959e+02 3.166999999999997595e-02
2.450976599999999905e+02 3.239000000000002988e-02
2.466295199999999852e+02 3.300999999999998380e-02
2.481613799999999799e+02 3.330999999999995076e-02
2.496932399999999745e+02 3.473999999999999311e-02
2.512250999999999976e+02 3.520000000000000906e-02
2.527569599999999923e+02 3.502000000000005109e-02
2.542888200000000438e+02 3.664999999999996039e-02
2.558206800000000385e+02 3.888000000000002565e-02
2.573525400000000332e+02 3.990000000000004654e-02
2.588844000000000278e+02 4.090000000000004743e-02
2.604162600000000225e+02 4.320000000000001616e-02
2.619481200000000172e+02 4.491000000000000547e-02
2.634799800000000118e+02 4.456999999999999851e-02
2.650118400000000065e+02 4.381000000000001560e-02
2.665437000000000012e+02 4.435999999999995502e-02
2.680755599999999959e+02 4.483999999999999098e-02
2.696074199999999905e+02 4.295999999999999819e-02
2.711392799999999852e+02 4.149000000000002686e-02
2.726711400000000367e+02 4.286999999999996369e-02
2.742030000000000314e+02 4.368000000000005212e-02
2.757348600000000260e+02 4.169000000000000483e-02
2.772667200000000207e+02 4.130000000000000338e-02
2.787985800000000154e+02 4.476999999999997648e-02
2.803304400000000101e+02 4.917000000000004700e-02
2.818623000000000047e+02 5.279000000000000359e-02
2.833941599999999994e+02 5.823000000000000398e-02
2.849260199999999941e+02 6.596999999999997311e-02
2.864578799999999887e+02 7.098000000000004306e-02
2.879897399999999834e+02 7.394999999999996021e-02
2.895215999999999781e+02 7.635999999999998344e-02
2.910534599999999728e+02 8.067000000000001947e-02
2.925853199999999674e+02 8.413000000000003809e-02
2.941171799999999621e+02 8.304999999999995719e-02
2.956490400000000136e+02 8.025000000000004352e-02
2.971809000000000083e+02 7.732000000000005535e-02
2.987127600000000598e+02 7.308999999999998831e-02
3.002446200000000545e+02 6.718000000000001748e-02
3.017764800000000491e+02 6.120000000000003215e-02
3.033083400000000438e+02 5.678000000000005265e-02
3.048402000000000385e+02 5.498999999999998334e-02
3.063720600000000331e+02 5.535000000000001030e-02
3.079039200000000278e+02 5.794999999999994600e-02
3.094357800000000225e+02 6.267000000000000348e-02
3.109676400000000172e+02 6.976999999999999869e-02
3.124995000000000118e+02 7.886000000000004118e-02
3.140313600000000065e+02 8.838000000000001410e-02
3.155632200000000012e+02 9.753999999999996007e-02
3.170950799999999958e+02 1.058299999999999796e-01
3.186269399999999905e+02 1.129000000000000004e-01
3.201587999999999852e+02 1.185300000000000242e-01
3.216906599999999798e+02 1.212299999999999489e-01
3.232225200000000314e+02 1.190900000000000292e-01
3.247543800000000260e+02 1.147299999999999986e-01
3.262862400000000207e+02 1.098200000000000287e-01
3.278181000000000154e+02 1.030100000000000460e-01
3.293499600000000100e+02 9.448999999999996291e-02
3.308818200000000616e+02 8.725000000000004974e-02
3.324136800000000562e+02 8.436999999999994504e-02
3.339455400000000509e+02 8.575999999999994738e-02
3.354774000000000456e+02 8.960000000000001297e-02
3.370092600000000402e+02 9.636999999999995570e-02
3.385411200000000349e+02 1.074600000000000000e-01
3.400729800000000296e+02 1.225399999999999823e-01
3.416048400000000242e+02 1.363499999999999712e-01
3.431367000000000189e+02 1.470000000000000195e-01
3.446685600000000136e+02 1.557699999999999640e-01
3.462004200000000083e+02 1.600399999999999601e-01
3.477322800000000598e+02 1.596300000000000496e-01
3.492641400000000544e+02 1.554499999999999771e-01
3.507960000000000491e+02 1.498899999999999677e-01
3.523278600000000438e+02 1.411200000000000232e-01
3.538597200000000385e+02 1.312799999999999523e-01
3.553915800000000331e+02 1.249400000000000510e-01
3.569234400000000278e+02 1.238000000000000211e-01
3.584553000000000225e+02 1.285300000000000331e-01
3.599871600000000171e+02 1.364499999999999602e-01
3.615190200000000118e+02 1.473100000000000520e-01
3.630508800000000065e+02 1.592700000000000227e-01
3.645827400000000011e+02 1.703000000000000069e-01
3.661145999999999958e+02 1.794599999999999529e-01
3.676464599999999905e+02 1.871599999999999930e-01
3.691783199999999852e+02 1.953899999999999526e-01
3.707101799999999798e+02 2.028999999999999693e-01
3.722420399999999745e+02 2.081800000000000317e-01
3.737739000000000260e+02 2.164300000000000113e-01
3.753057600000000775e+02 2.339499999999999913e-01
3.768376200000000722e+02 2.632200000000000095e-01
3.783694800000000669e+02 3.039300000000000335e-01
3.799013400000000615e+02 3.545199999999999463e-01
3.814332000000000562e+02 4.134499999999999842e-01
3.829650600000000509e+02 4.761499999999999622e-01
3.844969200000000455e+02 5.397000000000000686e-01
3.860287800000000402e+02 5.986500000000000155e-01
3.875606400000000349e+02 6.517600000000000060e-01
3.890925000000000296e+02 6.994400000000000617e-01
3.906243600000000242e+02 7.390099999999999447e-01
3.921562200000000189e+02 7.743900000000000228e-01
3.936880800000000136e+02 8.093700000000000339e-01
3.952199400000000082e+02 8.411100000000000243e-01
3.967518000000000029e+02 8.669999999999999929e-01
3.982836600000000544e+02 8.885600000000000165e-01
3.998155200000000491e+02 9.067899999999999849e-01
4.013473800000000438e+02 9.223299999999999832e-01
4.028792400000000384e+02 9.371199999999999530e-01
4.044111000000000331e+02 9.504099999999999770e-01
4.059429600000000278e+02 9.612000000000000544e-01
4.074748200000000224e+02 9.696500000000000119e-01
4.090066800000000171e+02 9.762699999999999712e-01
4.105385400000000118e+02 9.810100000000000486e-01
4.120704000000000065e+02 9.839299999999999713e-01
4.136022600000000011e+02 9.865399999999999725e-01
4.151341199999999958e+02 9.887200000000000433e-01
4.166659799999999905e+02 9.897599999999999731e-01
4.181978400000000420e+02 9.909499999999999975e-01
4.197297000000000367e+02 9.922199999999999909e-01
4.212615600000000313e+02 9.932199999999999918e-01
4.227934200000000260e+02 9.939999999999999947e-01
4.243252800000000207e+02 9.946399999999999686e-01
4.258571400000000722e+02 9.948200000000000376e-01
4.273890000000000668e+02 9.946700000000000541e-01
4.289208600000000615e+02 9.945699999999999541e-01
4.304527200000000562e+02 9.950099999999999500e-01
4.319845800000000509e+02 9.956199999999999495e-01
4.335164400000000455e+02 9.960700000000000109e-01
4.350483000000000402e+02 9.966199999999999504e-01
4.365801600000000349e+02 9.968200000000000394e-01
4.381120200000000295e+02 9.967599999999999794e-01
4.396438800000000242e+02 9.966300000000000159e-01
4.411757400000000189e+02 9.964899999999999869e-01
4.427076000000000136e+02 9.969700000000000228e-01
4.442394600000000082e+02 9.973899999999999988e-01
4.457713200000000029e+02 9.973600000000000243e-01
4.473031799999999976e+02 9.973499999999999588e-01
4.488350400000000491e+02 9.973600000000000243e-01
4.503669000000000437e+02 9.975600000000000023e-01
4.518987600000000384e+02 9.978000000000000203e-01
4.534306200000000331e+02 9.978299999999999947e-01
4.549624800000000278e+02 9.976500000000000368e-01
4.564943400000000224e+02 9.975399999999999823e-01
4.580262000000000171e+02 9.974899999999999878e-01
4.595580600000000118e+02 9.974199999999999733e-01
4.610899200000000633e+02 9.973800000000000443e-01
4.626217800000000580e+02 9.975199999999999623e-01
4.641536400000000526e+02 9.977300000000000058e-01
4.656855000000000473e+02 9.978000000000000203e-01
4.672173600000000420e+02 9.976800000000000113e-01
4.687492200000000366e+02 9.974399999999999933e-01
4.702810800000000313e+02 9.974600000000000133e-01
4.718129400000000260e+02 9.975000000000000533e-01
4.733448000000000206e+02 9.976399999999999713e-01
4.748766600000000153e+02 9.977800000000000002e-01
4.764085200000000668e+02 9.977399999999999602e-01
4.779403800000000615e+02 9.974499999999999478e-01
4.794722400000000562e+02 9.973499999999999588e-01
4.810041000000000508e+02 9.975399999999999823e-01
4.825359599999999887e+02 9.972999999999999643e-01
4.840678200000000402e+02 9.971299999999999608e-01
4.855996799999999780e+02 9.970400000000000373e-01
4.871315400000000295e+02 9.968200000000000394e-01
4.886633999999999673e+02 9.967799999999999994e-01
4.901952600000000189e+02 9.966099999999999959e-01
4.917271199999999567e+02 9.967099999999999849e-01
4.932589800000000082e+02 9.970099999999999518e-01
4.947908399999999460e+02 9.972100000000000408e-01
4.963226999999999975e+02 9.970900000000000318e-01
4.978545599999999922e+02 9.970400000000000373e-01
4.993864200000000437e+02 9.969299999999999828e-01
5.009182799999999816e+02 9.965399999999999814e-01
5.024501400000000331e+02 9.963699999999999779e-01
5.039819999999999709e+02 9.961499999999999799e-01
5.055138600000000224e+02 9.965399999999999814e-01
5.070457200000000739e+02 9.971400000000000263e-01
5.085775800000000118e+02 9.972199999999999953e-01
5.101094400000000633e+02 9.972900000000000098e-01
5.116413000000000011e+02 9.972999999999999643e-01
5.131731600000000526e+02 9.969799999999999773e-01
5.147050199999999904e+02 9.968099999999999739e-01
5.162368800000000419e+02 9.969999999999999973e-01
5.177687399999999798e+02 9.974899999999999878e-01
5.193006000000000313e+02 9.976899999999999658e-01
5.208324599999999691e+02 9.976099999999999968e-01
5.223643200000000206e+02 9.976899999999999658e-01
5.238961799999999585e+02 9.973899999999999988e-01
5.254280400000000100e+02 9.976000000000000423e-01
5.269598999999999478e+02 9.979099999999999637e-01
5.284917599999999993e+02 9.975100000000000078e-01
5.300236199999999371e+02 9.973699999999999788e-01
5.315554799999999886e+02 9.973600000000000243e-01
5.330873399999999265e+02 9.973600000000000243e-01
5.346191999999999780e+02 9.975000000000000533e-01
5.361510599999999158e+02 9.973499999999999588e-01
5.376829199999999673e+02 9.972499999999999698e-01
5.392147800000000188e+02 9.973699999999999788e-01
5.407466400000000704e+02 9.973400000000000043e-01
5.422785000000000082e+02 9.971600000000000463e-01
5.438103600000000597e+02 9.969200000000000284e-01
5.453422199999999975e+02 9.967099999999999849e-01
5.468740800000000490e+02 9.967200000000000504e-01
5.484059400000001006e+02 9.964600000000000124e-01
5.499378000000000384e+02 9.958099999999999730e-01
5.514696600000000899e+02 9.940999999999999837e-01
5.530015200000000277e+02 9.907299999999999995e-01
5.545333800000000792e+02 9.848500000000000032e-01
5.560652400000000171e+02 9.766099999999999781e-01
5.575971000000000686e+02 9.749900000000000233e-01
5.591289600000000064e+02 9.813300000000000356e-01
5.606608200000000579e+02 9.881900000000000128e-01
5.621926799999999957e+02 9.925000000000000488e-01
5.637245400000000473e+02 9.944800000000000306e-01
5.652563999999999851e+02 9.959700000000000220e-01
5.667882600000000366e+02 9.971100000000000518e-01
5.683201199999999744e+02 9.972699999999999898e-01
5.698519800000000259e+02 9.971999999999999753e-01
5.713838400000000775e+02 9.971700000000000008e-01
5.729157000000000153e+02 9.971900000000000208e-01
5.744475600000000668e+02 9.975199999999999623e-01
5.759794200000000046e+02 9.978500000000000147e-01
5.775112800000000561e+02 9.981400000000000272e-01
5.790431399999999940e+02 9.981100000000000527e-01
5.805749999999999318e+02 9.979900000000000437e-01
5.821068599999999833e+02 9.981299999999999617e-01
5.836387200000000348e+02 9.982100000000000417e-01
5.851705799999999726e+02 9.982299999999999507e-01
5.867024400000000242e+02 9.984199999999999742e-01
5.882343000000000757e+02 9.984699999999999687e-01
5.897661600000001272e+02 9.984899999999999887e-01
5.912980200000000650e+02 9.985899999999999777e-01
5.928298800000001165e+02 9.986000000000000432e-01
5.943617400000000544e+02 9.985800000000000232e-01
5.958936000000001059e+02 9.985300000000000287e-01
5.974254600000000437e+02 9.986399999999999721e-01
5.989573200000000952e+02 9.986500000000000377e-01
6.004891800000000330e+02 9.982299999999999507e-01
6.020210400000000845e+02 9.981700000000000017e-01
6.035529000000000224e+02 9.982999999999999652e-01
6.050847600000000739e+02 9.983199999999999852e-01
6.066166200000000117e+02 9.982299999999999507e-01
6.081484800000000632e+02 9.980299999999999727e-01
6.096803400000000011e+02 9.979099999999999637e-01
6.112122000000000526e+02 9.977800000000000002e-01
6.127440599999999904e+02 9.978599999999999692e-01
6.142759200000000419e+02 9.978399999999999492e-01
6.158077800000000934e+02 9.976099999999999968e-01
6.173396400000000313e+02 9.975199999999999623e-01
6.188715000000000828e+02 9.974899999999999878e-01
6.204033600000000206e+02 9.975000000000000533e-01
6.219352200000000721e+02 9.975899999999999768e-01
6.234670800000000099e+02 9.975600000000000023e-01
6.249989400000000614e+02 9.974300000000000388e-01
6.265307999999999993e+02 9.973400000000000043e-01
6.280626600000000508e+02 9.971499999999999808e-01
6.295945199999999886e+02 9.971200000000000063e-01
6.311263800000000401e+02 9.974199999999999733e-01
