6.127439999999999287e+01 2.591499999999999915e-01
6.280625999999999465e+01 2.601599999999999469e-01
6.433811999999998932e+01 2.645199999999999774e-01
6.586997999999998399e+01 2.571099999999999497e-01
6.740184000000000708e+01 2.439299999999999802e-01
6.893370000000000175e+01 2.240600000000000369e-01
7.046555999999999642e+01 1.977700000000000014e-01
7.199741999999999109e+01 1.742099999999999760e-01
7.352927999999999997e+01 1.552099999999999591e-01
7.506113999999999464e+01 1.366300000000000292e-01
7.659299999999998931e+01 1.192600000000000326e-01
7.812485999999998398e+01 9.250000000000002665e-02
7.965672000000000708e+01 5.942999999999998284e-02
8.118858000000000175e+01 4.383000000000003560e-02
8.272043999999999642e+01 3.483000000000002760e-02
8.425229999999999109e+01 2.751999999999998892e-02
8.578415999999999997e+01 3.929000000000004711e-02
8.731602000000000885e+01 5.537000000000003030e-02
8.884788000000000352e+01 6.966000000000005521e-02
9.037973999999999819e+01 7.945999999999997510e-02
9.191159999999999286e+01 8.143000000000000238e-02
9.344346000000000174e+01 8.913000000000004253e-02
9.497531999999999641e+01 1.011900000000000022e-01
9.650717999999999108e+01 1.110400000000000276e-01
9.803903999999999996e+01 1.250999999999999890e-01
9.957089999999999463e+01 1.377300000000000191e-01
1.011027599999999893e+02 1.494400000000000173e-01
1.026346199999999982e+02 1.484499999999999709e-01
1.041664799999999929e+02 1.368800000000000017e-01
1.056983400000000017e+02 1.386100000000000110e-01
1.072301999999999964e+02 1.386399999999999855e-01
1.087620600000000053e+02 1.207200000000000495e-01
1.102939200000000000e+02 1.048299999999999788e-01
1.118257800000000088e+02 9.653999999999995918e-02
1.133576400000000035e+02 8.909999999999995701e-02
1.148894999999999982e+02 7.135999999999997900e-02
1.164213599999999929e+02 5.320000000000002505e-02
1.179532200000000017e+02 3.773999999999999577e-02
1.194850799999999964e+02 3.581000000000000849e-02
1.210169399999999911e+02 3.383000000000002672e-02
1.225488000000000142e+02 2.412000000000003030e-02
1.240806600000000230e+02 2.215999999999995751e-02
1.256125200000000177e+02 2.771000000000001240e-02
1.271443800000000124e+02 2.820000000000000284e-02
1.286762400000000071e+02 2.341999999999999638e-02
1.302081000000000017e+02 2.478000000000002423e-02
1.317399599999999964e+02 3.058000000000005159e-02
1.332718199999999911e+02 2.814000000000005386e-02
1.348036800000000142e+02 2.171000000000000707e-02
1.363355400000000088e+02 1.980000000000003979e-02
1.378674000000000035e+02 2.097999999999999865e-02
1.393992599999999982e+02 1.978000000000001979e-02
1.409311199999999928e+02 2.005000000000001226e-02
1.424629799999999875e+02 2.115999999999995662e-02
1.439948399999999822e+02 2.117999999999997662e-02
1.455267000000000053e+02 1.817000000000001947e-02
1.470585599999999999e+02 1.483000000000000984e-02
1.485904199999999946e+02 1.692000000000004611e-02
1.501222799999999893e+02 2.034999999999997922e-02
1.516541399999999840e+02 2.083999999999996966e-02
1.531859999999999786e+02 2.417000000000002480e-02
1.547178600000000017e+02 3.022000000000002462e-02
1.562497199999999964e+02 3.488999999999997659e-02
1.577815799999999911e+02 3.815000000000001723e-02
1.593134400000000142e+02 3.857999999999994767e-02
1.608453000000000088e+02 3.739999999999998881e-02
1.623771600000000035e+02 3.590999999999999748e-02
1.639090199999999982e+02 3.805000000000002824e-02
1.654408800000000213e+02 4.156000000000004135e-02
1.669727400000000159e+02 3.866999999999998217e-02
1.685046000000000106e+02 3.634999999999999343e-02
1.700364600000000053e+02 3.915000000000001812e-02
1.715683200000000284e+02 4.061000000000003496e-02
1.731001800000000230e+02 3.639999999999998792e-02
1.746320400000000177e+02 3.180000000000005045e-02
1.761639000000000124e+02 3.383999999999998121e-02
1.776957600000000070e+02 3.593000000000001748e-02
1.792276200000000017e+02 3.286999999999995481e-02
1.807594799999999964e+02 3.520000000000000906e-02
1.822913399999999911e+02 4.598999999999997534e-02
1.838231999999999857e+02 5.589999999999994973e-02
1.853550600000000088e+02 6.299999999999994493e-02
1.868869200000000035e+02 6.786999999999998590e-02
1.884187799999999982e+02 7.835000000000003073e-02
1.899506399999999928e+02 9.665999999999996817e-02
1.914824999999999875e+02 1.149799999999999711e-01
1.930143599999999822e+02 1.404999999999999583e-01
1.945462199999999768e+02 1.744700000000000140e-01
1.960780799999999999e+02 2.030899999999999928e-01
1.976099399999999946e+02 2.188299999999999690e-01
1.991417999999999893e+02 2.212499999999999467e-01
2.006736599999999839e+02 2.150699999999999834e-01
2.022055199999999786e+02 1.964000000000000190e-01
2.037373800000000301e+02 1.701099999999999834e-01
2.052692400000000248e+02 1.730399999999999716e-01
2.068011000000000195e+02 2.452400000000000135e-01
2.083329600000000141e+02 3.885999999999999455e-01
2.098648200000000088e+02 5.635099999999999554e-01
2.113966800000000319e+02 7.190199999999999925e-01
2.129285400000000266e+02 8.318400000000000238e-01
2.144604000000000212e+02 8.998000000000000442e-01
2.159922600000000159e+02 9.388699999999999823e-01
2.175241200000000106e+02 9.607999999999999874e-01
2.190559800000000052e+02 9.733199999999999630e-01
2.205878399999999999e+02 9.806300000000000017e-01
2.221197000000000230e+02 9.855300000000000171e-01
2.236515600000000177e+02 9.886399999999999633e-01
2.251834200000000124e+02 9.906099999999999905e-01
2.267152800000000070e+02 9.926500000000000323e-01
2.282471400000000017e+02 9.940499999999999892e-01
2.297789999999999964e+02 9.948299999999999921e-01
2.313108599999999910e+02 9.956800000000000095e-01
2.328427199999999857e+02 9.964199999999999724e-01
2.343745799999999804e+02 9.968399999999999483e-01
2.359064400000000035e+02 9.970799999999999663e-01
2.374382999999999981e+02 9.974399999999999933e-01
2.389701599999999928e+02 9.976500000000000368e-01
2.405020199999999875e+02 9.979700000000000237e-01
2.420338799999999821e+02 9.981299999999999617e-01
2.435657399999999768e+02 9.981100000000000527e-01
2.450975999999999715e+02 9.978799999999999892e-01
2.466294600000000230e+02 9.981299999999999617e-01
2.481613200000000461e+02 9.982799999999999452e-01
2.496931800000000408e+02 9.979900000000000437e-01
2.512250400000000354e+02 9.979299999999999837e-01
2.527569000000000301e+02 9.980799999999999672e-01
2.542887600000000248e+02 9.981400000000000272e-01
2.558206200000000194e+02 9.980499999999999927e-01
2.573524800000000141e+02 9.978799999999999892e-01
2.588843400000000088e+02 9.979000000000000092e-01
2.604162000000000035e+02 9.977599999999999802e-01
2.619480599999999981e+02 9.978099999999999747e-01
2.634799199999999928e+02 9.979999999999999982e-01
2.650117799999999875e+02 9.979999999999999982e-01
2.665436399999999821e+02 9.983499999999999597e-01
2.680755000000000337e+02 9.985100000000000087e-01
2.696073600000000283e+02 9.983199999999999852e-01
2.711392200000000230e+02 9.986199999999999521e-01
2.726710800000000177e+02 9.984600000000000142e-01
2.742029400000000123e+02 9.982799999999999452e-01
2.757348000000000070e+02 9.984199999999999742e-01
2.772666600000000017e+02 9.984800000000000342e-01
2.787985199999999963e+02 9.987200000000000522e-01
2.803303799999999910e+02 9.989000000000000101e-01
2.818622399999999857e+02 9.986599999999999921e-01
2.833940999999999804e+02 9.982199999999999962e-01
2.849259599999999750e+02 9.983499999999999597e-01
2.864578199999999697e+02 9.986300000000000177e-01
2.879896799999999644e+02 9.984600000000000142e-01
2.895215399999999590e+02 9.986199999999999521e-01
2.910534000000000106e+02 9.987200000000000522e-01
2.925852600000000621e+02 9.986500000000000377e-01
2.941171200000000567e+02 9.990400000000000391e-01
2.956489800000000514e+02 9.990700000000000136e-01
2.971808400000000461e+02 9.987099999999999866e-01
2.987127000000000407e+02 9.986099999999999977e-01
3.002445600000000354e+02 9.987300000000000066e-01
3.017764200000000301e+02 9.985699999999999577e-01
3.033082800000000248e+02 9.985100000000000087e-01
3.048401400000000194e+02 9.988399999999999501e-01
3.063720000000000141e+02 9.990400000000000391e-01
3.079038600000000088e+02 9.989500000000000046e-01
3.094357200000000034e+02 9.987300000000000066e-01
3.109675799999999981e+02 9.986699999999999466e-01
3.124994399999999928e+02 9.985500000000000487e-01
3.140312999999999874e+02 9.985899999999999777e-01
3.155631599999999821e+02 9.987800000000000011e-01
3.170950199999999768e+02 9.989799999999999791e-01
3.186268800000000283e+02 9.990700000000000136e-01
3.201587400000000230e+02 9.993199999999999861e-01
3.216906000000000176e+02 9.993699999999999806e-01
3.232224600000000123e+02 9.992199999999999971e-01
3.247543200000000070e+02 9.989700000000000246e-01
3.262861800000000017e+02 9.982999999999999652e-01
3.278180399999999963e+02 9.981200000000000072e-01
3.293498999999999910e+02 9.985300000000000287e-01
3.308817599999999857e+02 9.989799999999999791e-01
3.324136199999999803e+02 9.989599999999999591e-01
3.339454799999999750e+02 9.987800000000000011e-01
3.354773399999999697e+02 9.988399999999999501e-01
3.370091999999999643e+02 9.986699999999999466e-01
3.385410599999999590e+02 9.987399999999999611e-01
3.400729199999999537e+02 9.988299999999999956e-01
3.416047800000000052e+02 9.986599999999999921e-01
3.431366399999999999e+02 9.985600000000000032e-01
3.446685000000000514e+02 9.987000000000000322e-01
3.462003600000000461e+02 9.984300000000000397e-01
3.477322200000000407e+02 9.982699999999999907e-01
3.492640800000000354e+02 9.986300000000000177e-01
3.507959400000000301e+02 9.987200000000000522e-01
3.523278000000000247e+02 9.988099999999999756e-01
3.538596600000000194e+02 9.988099999999999756e-01
3.553915200000000141e+02 9.988500000000000156e-01
3.569233800000000087e+02 9.988200000000000411e-01
3.584552400000000034e+02 9.986500000000000377e-01
3.599870999999999981e+02 9.990999999999999881e-01
3.615189599999999928e+02 9.993199999999999861e-01
