6.127439999999999287e+01 2.161600000000000188e-01
6.280625999999999465e+01 2.014299999999999979e-01
6.433811999999998932e+01 1.929800000000000404e-01
6.586997999999998399e+01 1.700099999999999945e-01
6.740184000000000708e+01 1.555199999999999916e-01
6.893370000000000175e+01 1.572299999999999809e-01
7.046555999999999642e+01 1.440000000000000169e-01
7.199741999999999109e+01 1.052999999999999492e-01
7.352927999999999997e+01 7.086000000000003407e-02
7.506113999999999464e+01 6.606000000000000760e-02
7.659299999999998931e+01 6.571000000000004615e-02
7.812485999999998398e+01 5.586000000000002075e-02
7.965672000000000708e+01 4.063000000000005496e-02
8.118858000000000175e+01 4.161999999999999034e-02
8.272043999999999642e+01 5.996000000000001329e-02
8.425229999999999109e+01 7.306999999999996831e-02
8.578415999999999997e+01 1.011900000000000022e-01
8.731602000000000885e+01 1.322699999999999987e-01
8.884788000000000352e+01 1.361999999999999877e-01
9.037973999999999819e+01 1.137799999999999923e-01
9.191159999999999286e+01 1.006299999999999972e-01
9.344346000000000174e+01 9.262999999999999012e-02
9.497531999999999641e+01 8.696000000000003727e-02
9.650717999999999108e+01 8.528999999999997694e-02
9.803903999999999996e+01 8.150000000000001688e-02
9.957089999999999463e+01 7.691999999999998838e-02
1.011027599999999893e+02 6.586000000000002963e-02
1.026346199999999982e+02 6.230000000000002203e-02
1.041664799999999929e+02 6.425999999999998380e-02
1.056983400000000017e+02 5.722000000000004860e-02
1.072301999999999964e+02 5.544000000000004480e-02
1.087620600000000053e+02 5.115999999999998327e-02
1.102939200000000000e+02 4.757000000000000117e-02
1.118257800000000088e+02 4.652000000000000579e-02
1.133576400000000035e+02 4.710999999999998522e-02
1.148894999999999982e+02 5.103000000000001979e-02
1.164213599999999929e+02 5.315999999999998504e-02
1.179532200000000017e+02 5.325000000000001954e-02
1.194850799999999964e+02 5.564999999999997726e-02
1.210169399999999911e+02 4.974000000000000643e-02
1.225488000000000142e+02 4.745999999999994667e-02
1.240806600000000230e+02 5.110999999999998877e-02
1.256125200000000177e+02 5.854999999999999094e-02
1.271443800000000124e+02 5.100999999999999979e-02
1.286762400000000071e+02 3.818999999999994621e-02
1.302081000000000017e+02 3.568999999999999950e-02
1.317399599999999964e+02 3.276000000000001133e-02
1.332718199999999911e+02 3.119000000000005102e-02
1.348036800000000142e+02 2.932000000000001272e-02
1.363355400000000088e+02 2.417999999999997929e-02
1.378674000000000035e+02 2.398000000000000131e-02
1.393992599999999982e+02 2.939000000000002721e-02
1.409311199999999928e+02 3.381000000000000671e-02
1.424629799999999875e+02 3.642999999999996241e-02
1.439948399999999822e+02 3.861999999999998767e-02
1.455267000000000053e+02 3.849000000000002419e-02
1.470585599999999999e+02 3.791999999999995374e-02
1.485904199999999946e+02 3.647000000000000242e-02
1.501222799999999893e+02 3.469999999999995310e-02
1.516541399999999840e+02 3.295999999999998931e-02
1.531859999999999786e+02 3.237999999999996437e-02
1.547178600000000017e+02 3.483999999999998209e-02
1.562497199999999964e+02 3.415999999999996817e-02
1.577815799999999911e+02 3.261999999999998234e-02
1.593134400000000142e+02 3.354000000000001425e-02
1.608453000000000088e+02 3.149999999999997247e-02
1.623771600000000035e+02 3.236000000000005539e-02
1.639090199999999982e+02 3.625999999999995893e-02
1.654408800000000213e+02 4.056000000000004047e-02
1.669727400000000159e+02 4.571999999999998288e-02
1.685046000000000106e+02 5.083000000000004182e-02
1.700364600000000053e+02 5.674999999999996714e-02
1.715683200000000284e+02 6.330999999999997740e-02
1.731001800000000230e+02 7.001000000000001666e-02
1.746320400000000177e+02 8.150000000000001688e-02
1.761639000000000124e+02 9.474000000000004640e-02
1.776957600000000070e+02 1.064800000000000191e-01
1.792276200000000017e+02 1.124000000000000554e-01
1.807594799999999964e+02 1.152199999999999891e-01
1.822913399999999911e+02 1.160200000000000120e-01
1.838231999999999857e+02 1.199099999999999611e-01
1.853550600000000088e+02 1.503900000000000237e-01
1.868869200000000035e+02 2.447799999999999976e-01
1.884187799999999982e+02 4.040000000000000258e-01
1.899506399999999928e+02 5.756099999999999550e-01
1.914824999999999875e+02 7.184300000000000130e-01
1.930143599999999822e+02 8.190999999999999392e-01
1.945462199999999768e+02 8.867599999999999927e-01
1.960780799999999999e+02 9.302099999999999813e-01
1.976099399999999946e+02 9.558799999999999519e-01
1.991417999999999893e+02 9.709400000000000253e-01
2.006736599999999839e+02 9.791699999999999848e-01
2.022055199999999786e+02 9.841999999999999638e-01
2.037373800000000301e+02 9.888099999999999667e-01
2.052692400000000248e+02 9.918000000000000149e-01
2.068011000000000195e+02 9.931400000000000228e-01
2.083329600000000141e+02 9.937200000000000477e-01
2.098648200000000088e+02 9.948399999999999466e-01
2.113966800000000319e+02 9.960400000000000365e-01
2.129285400000000266e+02 9.965800000000000214e-01
2.144604000000000212e+02 9.967599999999999794e-01
2.159922600000000159e+02 9.970900000000000318e-01
2.175241200000000106e+02 9.973600000000000243e-01
2.190559800000000052e+02 9.977800000000000002e-01
2.205878399999999999e+02 9.980200000000000182e-01
2.221197000000000230e+02 9.980799999999999672e-01
2.236515600000000177e+02 9.983600000000000252e-01
2.251834200000000124e+02 9.982299999999999507e-01
2.267152800000000070e+02 9.980200000000000182e-01
2.282471400000000017e+02 9.981499999999999817e-01
2.297789999999999964e+02 9.987399999999999611e-01
2.313108599999999910e+02 9.991100000000000536e-01
2.328427199999999857e+02 9.988099999999999756e-01
2.343745799999999804e+02 9.987000000000000322e-01
2.359064400000000035e+02 9.986599999999999921e-01
2.374382999999999981e+02 9.984800000000000342e-01
2.389701599999999928e+02 9.986899999999999666e-01
2.405020199999999875e+02 9.988299999999999956e-01
2.420338799999999821e+02 9.990799999999999681e-01
2.435657399999999768e+02 9.991200000000000081e-01
2.450975999999999715e+02 9.989799999999999791e-01
2.466294600000000230e+02 9.988500000000000156e-01
2.481613200000000461e+02 9.986300000000000177e-01
2.496931800000000408e+02 9.984899999999999887e-01
2.512250400000000354e+02 9.984100000000000197e-01
2.527569000000000301e+02 9.987300000000000066e-01
2.542887600000000248e+02 9.989799999999999791e-01
2.558206200000000194e+02 9.990499999999999936e-01
2.573524800000000141e+02 9.988500000000000156e-01
2.588843400000000088e+02 9.985600000000000032e-01
2.604162000000000035e+02 9.983999999999999542e-01
2.619480599999999981e+02 9.986899999999999666e-01
2.634799199999999928e+02 9.986199999999999521e-01
2.650117799999999875e+02 9.983199999999999852e-01
2.665436399999999821e+02 9.986300000000000177e-01
2.680755000000000337e+02 9.985399999999999832e-01
2.696073600000000283e+02 9.987899999999999556e-01
2.711392200000000230e+02 9.989200000000000301e-01
2.726710800000000177e+02 9.987599999999999811e-01
2.742029400000000123e+02 9.993199999999999861e-01
2.757348000000000070e+02 9.993300000000000516e-01
2.772666600000000017e+02 9.990200000000000191e-01
2.787985199999999963e+02 9.992499999999999716e-01
2.803303799999999910e+02 9.993699999999999806e-01
2.818622399999999857e+02 9.990499999999999936e-01
2.833940999999999804e+02 9.988500000000000156e-01
2.849259599999999750e+02 9.985399999999999832e-01
2.864578199999999697e+02 9.981600000000000472e-01
2.879896799999999644e+02 9.980400000000000382e-01
2.895215399999999590e+02 9.987500000000000266e-01
2.910534000000000106e+02 9.993499999999999606e-01
2.925852600000000621e+02 9.997000000000000330e-01
2.941171200000000567e+02 9.993699999999999806e-01
2.956489800000000514e+02 9.990499999999999936e-01
2.971808400000000461e+02 9.992400000000000171e-01
2.987127000000000407e+02 9.990599999999999481e-01
3.002445600000000354e+02 9.989999999999999991e-01
3.017764200000000301e+02 9.988799999999999901e-01
3.033082800000000248e+02 9.987099999999999866e-01
3.048401400000000194e+02 9.987399999999999611e-01
3.063720000000000141e+02 9.989299999999999846e-01
3.079038600000000088e+02 9.990999999999999881e-01
3.094357200000000034e+02 9.993100000000000316e-01
3.109675799999999981e+02 9.993400000000000061e-01
3.124994399999999928e+02 9.990099999999999536e-01
3.140312999999999874e+02 9.985500000000000487e-01
3.155631599999999821e+02 9.983400000000000052e-01
3.170950199999999768e+02 9.987599999999999811e-01
3.186268800000000283e+02 9.991499999999999826e-01
3.201587400000000230e+02 9.991299999999999626e-01
3.216906000000000176e+02 9.992600000000000371e-01
3.232224600000000123e+02 9.991600000000000481e-01
3.247543200000000070e+02 9.988500000000000156e-01
3.262861800000000017e+02 9.984899999999999887e-01
3.278180399999999963e+02 9.986000000000000432e-01
3.293498999999999910e+02 9.989200000000000301e-01
3.308817599999999857e+02 9.988299999999999956e-01
3.324136199999999803e+02 9.989299999999999846e-01
3.339454799999999750e+02 9.990999999999999881e-01
3.354773399999999697e+02 9.989000000000000101e-01
3.370091999999999643e+02 9.985300000000000287e-01
3.385410599999999590e+02 9.990099999999999536e-01
3.400729199999999537e+02 9.992100000000000426e-01
3.416047800000000052e+02 9.992799999999999461e-01
3.431366399999999999e+02 9.995600000000000041e-01
3.446685000000000514e+02 9.994300000000000406e-01
3.462003600000000461e+02 9.993300000000000516e-01
3.477322200000000407e+02 9.989799999999999791e-01
3.492640800000000354e+02 9.992299999999999516e-01
3.507959400000000301e+02 9.993800000000000461e-01
3.523278000000000247e+02 9.992499999999999716e-01
3.538596600000000194e+02 9.993400000000000061e-01
3.553915200000000141e+02 9.990999999999999881e-01
3.569233800000000087e+02 9.989999999999999991e-01
3.584552400000000034e+02 9.988200000000000411e-01
3.599870999999999981e+02 9.986099999999999977e-01
3.615189599999999928e+02 9.984300000000000397e-01
