6.127439999999999287e+01 2.231400000000000050e-01
6.280625999999999465e+01 1.984700000000000353e-01
6.433811999999998932e+01 1.932000000000000384e-01
6.586997999999998399e+01 1.887100000000000444e-01
6.740184000000000708e+01 1.946299999999999697e-01
6.893370000000000175e+01 2.127000000000000002e-01
7.046555999999999642e+01 2.158700000000000063e-01
7.199741999999999109e+01 1.968900000000000095e-01
7.352927999999999997e+01 1.711899999999999533e-01
7.506113999999999464e+01 1.558899999999999730e-01
7.659299999999998931e+01 1.452799999999999647e-01
7.812485999999998398e+01 1.246500000000000385e-01
7.965672000000000708e+01 1.166800000000000059e-01
8.118858000000000175e+01 1.072600000000000220e-01
8.272043999999999642e+01 9.992999999999996330e-02
8.425229999999999109e+01 1.104600000000000026e-01
8.578415999999999997e+01 1.009200000000000097e-01
8.731602000000000885e+01 7.343999999999994976e-02
8.884788000000000352e+01 7.811000000000001275e-02
9.037973999999999819e+01 7.448999999999994515e-02
9.191159999999999286e+01 5.081000000000002181e-02
9.344346000000000174e+01 4.508999999999996344e-02
9.497531999999999641e+01 4.786000000000001364e-02
9.650717999999999108e+01 4.769000000000001016e-02
9.803903999999999996e+01 4.883000000000004004e-02
9.957089999999999463e+01 4.881999999999997453e-02
1.011027599999999893e+02 4.571000000000002839e-02
1.026346199999999982e+02 3.815000000000001723e-02
1.041664799999999929e+02 2.824000000000004285e-02
1.056983400000000017e+02 2.436000000000004828e-02
1.072301999999999964e+02 3.200000000000002842e-02
1.087620600000000053e+02 2.402999999999999581e-02
1.102939200000000000e+02 2.029999999999998472e-02
1.118257800000000088e+02 1.936999999999999833e-02
1.133576400000000035e+02 2.720999999999995644e-02
1.148894999999999982e+02 3.041000000000004810e-02
1.164213599999999929e+02 2.827999999999997183e-02
1.179532200000000017e+02 3.598999999999996646e-02
1.194850799999999964e+02 3.830999999999995520e-02
1.210169399999999911e+02 2.930999999999994721e-02
1.225488000000000142e+02 2.380999999999999783e-02
1.240806600000000230e+02 2.358999999999999986e-02
1.256125200000000177e+02 2.742999999999995442e-02
1.271443800000000124e+02 2.681000000000000050e-02
1.286762400000000071e+02 2.698000000000000398e-02
1.302081000000000017e+02 2.837999999999996081e-02
1.317399599999999964e+02 2.456999999999998074e-02
1.332718199999999911e+02 2.034999999999997922e-02
1.348036800000000142e+02 1.597000000000003972e-02
1.363355400000000088e+02 1.344000000000000750e-02
1.378674000000000035e+02 1.388999999999995794e-02
1.393992599999999982e+02 1.273000000000001908e-02
1.409311199999999928e+02 1.212999999999997414e-02
1.424629799999999875e+02 1.305999999999996053e-02
1.439948399999999822e+02 1.337999999999994749e-02
1.455267000000000053e+02 1.217000000000001414e-02
1.470585599999999999e+02 1.009999999999999787e-02
1.485904199999999946e+02 9.120000000000016982e-03
1.501222799999999893e+02 7.909999999999972609e-03
1.516541399999999840e+02 7.229999999999958682e-03
1.531859999999999786e+02 7.909999999999972609e-03
1.547178600000000017e+02 8.789999999999964508e-03
1.562497199999999964e+02 1.002000000000002888e-02
1.577815799999999911e+02 1.063000000000002832e-02
1.593134400000000142e+02 1.127999999999995673e-02
1.608453000000000088e+02 9.990000000000054392e-03
1.623771600000000035e+02 6.970000000000031726e-03
1.639090199999999982e+02 7.340000000000013181e-03
1.654408800000000213e+02 1.182000000000005269e-02
1.669727400000000159e+02 1.359999999999994547e-02
1.685046000000000106e+02 1.215999999999994863e-02
1.700364600000000053e+02 1.327000000000000401e-02
1.715683200000000284e+02 1.502000000000003332e-02
1.731001800000000230e+02 1.631000000000004668e-02
1.746320400000000177e+02 1.636000000000004118e-02
1.761639000000000124e+02 1.787000000000005251e-02
1.776957600000000070e+02 2.088000000000000966e-02
1.792276200000000017e+02 1.978999999999997428e-02
1.807594799999999964e+02 1.900000000000001688e-02
1.822913399999999911e+02 2.342999999999995087e-02
1.838231999999999857e+02 2.605000000000001759e-02
1.853550600000000088e+02 2.778999999999998138e-02
1.868869200000000035e+02 2.802000000000004487e-02
1.884187799999999982e+02 2.702999999999999847e-02
1.899506399999999928e+02 2.771999999999996689e-02
1.914824999999999875e+02 2.700000000000002398e-02
1.930143599999999822e+02 2.761000000000002341e-02
1.945462199999999768e+02 3.059999999999996056e-02
1.960780799999999999e+02 3.173000000000003595e-02
1.976099399999999946e+02 3.176000000000001044e-02
1.991417999999999893e+02 2.956999999999998519e-02
2.006736599999999839e+02 2.749999999999996891e-02
2.022055199999999786e+02 2.985000000000004317e-02
2.037373800000000301e+02 3.076999999999996405e-02
2.052692400000000248e+02 2.947999999999995069e-02
2.068011000000000195e+02 2.825999999999995183e-02
2.083329600000000141e+02 2.897000000000005127e-02
2.098648200000000088e+02 2.917000000000002924e-02
2.113966800000000319e+02 2.644000000000001904e-02
2.129285400000000266e+02 2.532000000000000917e-02
2.144604000000000212e+02 2.500999999999997669e-02
2.159922600000000159e+02 2.476999999999995872e-02
2.175241200000000106e+02 2.393000000000000682e-02
2.190559800000000052e+02 2.275000000000004796e-02
2.205878399999999999e+02 2.200000000000001954e-02
2.221197000000000230e+02 2.173000000000002707e-02
2.236515600000000177e+02 2.170000000000005258e-02
2.251834200000000124e+02 2.002000000000003777e-02
2.267152800000000070e+02 1.868999999999998440e-02
2.282471400000000017e+02 1.800999999999997048e-02
2.297789999999999964e+02 1.751000000000002554e-02
2.313108599999999910e+02 1.631000000000004668e-02
2.328427199999999857e+02 1.534999999999997478e-02
2.343745799999999804e+02 1.497999999999999332e-02
2.359064400000000035e+02 1.434000000000001940e-02
2.374382999999999981e+02 1.410000000000000142e-02
2.389701599999999928e+02 1.402000000000003244e-02
2.405020199999999875e+02 1.334000000000001851e-02
2.420338799999999821e+02 1.275999999999999357e-02
2.435657399999999768e+02 1.226000000000004864e-02
2.450975999999999715e+02 1.227000000000000313e-02
2.466294600000000230e+02 1.232999999999995211e-02
2.481613200000000461e+02 1.246999999999998110e-02
2.496931800000000408e+02 1.280999999999998806e-02
2.512250400000000354e+02 1.236999999999999211e-02
2.527569000000000301e+02 1.202000000000003066e-02
2.542887600000000248e+02 1.214999999999999414e-02
2.558206200000000194e+02 1.236999999999999211e-02
2.573524800000000141e+02 1.278999999999996806e-02
2.588843400000000088e+02 1.343000000000005301e-02
2.604162000000000035e+02 1.514999999999999680e-02
2.619480599999999981e+02 1.636999999999999567e-02
2.634799199999999928e+02 1.573000000000002174e-02
2.650117799999999875e+02 1.566000000000000725e-02
2.665436399999999821e+02 1.749000000000000554e-02
2.680755000000000337e+02 1.910999999999996035e-02
2.696073600000000283e+02 2.046000000000003372e-02
2.711392200000000230e+02 2.202000000000003954e-02
2.726710800000000177e+02 2.431000000000005379e-02
2.742029400000000123e+02 2.651999999999998803e-02
2.757348000000000070e+02 2.719000000000004746e-02
2.772666600000000017e+02 2.812999999999998835e-02
2.787985199999999963e+02 3.159000000000000696e-02
2.803303799999999910e+02 3.612000000000004096e-02
2.818622399999999857e+02 3.839000000000003521e-02
2.833940999999999804e+02 4.047999999999996046e-02
2.849259599999999750e+02 4.532999999999998142e-02
2.864578199999999697e+02 4.925000000000001599e-02
2.879896799999999644e+02 5.181999999999997719e-02
2.895215399999999590e+02 5.623000000000000220e-02
2.910534000000000106e+02 6.106000000000000316e-02
2.925852600000000621e+02 6.503000000000003222e-02
2.941171200000000567e+02 6.772999999999995691e-02
2.956489800000000514e+02 7.143999999999994799e-02
2.971808400000000461e+02 7.542999999999999705e-02
2.987127000000000407e+02 7.935999999999998611e-02
3.002445600000000354e+02 8.379999999999998561e-02
3.017764200000000301e+02 8.794000000000001815e-02
3.033082800000000248e+02 9.345000000000003304e-02
3.048401400000000194e+02 9.936000000000000387e-02
3.063720000000000141e+02 1.042499999999999538e-01
3.079038600000000088e+02 1.075000000000000400e-01
3.094357200000000034e+02 1.112499999999999600e-01
3.109675799999999981e+02 1.141100000000000447e-01
3.124994399999999928e+02 1.162999999999999590e-01
3.140312999999999874e+02 1.196800000000000086e-01
3.155631599999999821e+02 1.228399999999999492e-01
3.170950199999999768e+02 1.259700000000000264e-01
3.186268800000000283e+02 1.303499999999999659e-01
3.201587400000000230e+02 1.348000000000000309e-01
3.216906000000000176e+02 1.367399999999999727e-01
3.232224600000000123e+02 1.374999999999999556e-01
3.247543200000000070e+02 1.372400000000000286e-01
3.262861800000000017e+02 1.372200000000000086e-01
3.278180399999999963e+02 1.382200000000000095e-01
3.293498999999999910e+02 1.390000000000000124e-01
3.308817599999999857e+02 1.390200000000000324e-01
3.324136199999999803e+02 1.399899999999999478e-01
3.339454799999999750e+02 1.399700000000000388e-01
3.354773399999999697e+02 1.369700000000000362e-01
3.370091999999999643e+02 1.344300000000000495e-01
3.385410599999999590e+02 1.308099999999999818e-01
3.400729199999999537e+02 1.277500000000000302e-01
3.416047800000000052e+02 1.242999999999999661e-01
3.431366399999999999e+02 1.199599999999999556e-01
3.446685000000000514e+02 1.164300000000000335e-01
3.462003600000000461e+02 1.110200000000000076e-01
3.477322200000000407e+02 1.048700000000000188e-01
3.492640800000000354e+02 1.009200000000000097e-01
3.507959400000000301e+02 9.548000000000000931e-02
3.523278000000000247e+02 8.928999999999998050e-02
3.538596600000000194e+02 8.557999999999998941e-02
3.553915200000000141e+02 7.962000000000002409e-02
3.569233800000000087e+02 7.360999999999995325e-02
3.584552400000000034e+02 6.745999999999996444e-02
3.599870999999999981e+02 6.061000000000005272e-02
3.615189599999999928e+02 5.527999999999999581e-02
3.630508199999999874e+02 5.062999999999995282e-02
3.645826799999999821e+02 4.617999999999999883e-02
3.661145399999999768e+02 4.234999999999999876e-02
3.676463999999999714e+02 3.815999999999997172e-02
3.691782600000000230e+02 3.378999999999998671e-02
3.707101200000000176e+02 2.990000000000003766e-02
3.722419800000000123e+02 2.610000000000001208e-02
3.737738400000000070e+02 2.322999999999997289e-02
3.753057000000000016e+02 2.107999999999998764e-02
3.768375599999999963e+02 1.966999999999996529e-02
3.783694199999999910e+02 1.820999999999994845e-02
3.799012799999999856e+02 1.688999999999996060e-02
3.814331399999999803e+02 1.619999999999999218e-02
3.829649999999999750e+02 1.554999999999995275e-02
3.844968599999999697e+02 1.514999999999999680e-02
3.860287199999999643e+02 1.493999999999995332e-02
3.875605799999999590e+02 1.473999999999997534e-02
3.890924400000000105e+02 1.493999999999995332e-02
3.906243000000000052e+02 1.524000000000003130e-02
3.921561599999999999e+02 1.532000000000000028e-02
3.936880200000000514e+02 1.563000000000003276e-02
3.952198800000000460e+02 1.622000000000001219e-02
3.967517400000000407e+02 1.675000000000004263e-02
3.982836000000000354e+02 1.727999999999996206e-02
3.998154600000000300e+02 1.754999999999995453e-02
4.013473200000000247e+02 1.724999999999998757e-02
4.028791800000000194e+02 1.680999999999999162e-02
4.044110400000000141e+02 1.690000000000002611e-02
4.059429000000000087e+02 1.773000000000002352e-02
4.074747600000000034e+02 1.802000000000003599e-02
4.090066199999999981e+02 1.832000000000000295e-02
4.105384799999999927e+02 1.890000000000002789e-02
4.120703399999999874e+02 1.953000000000004732e-02
4.136021999999999821e+02 2.046999999999998820e-02
4.151340599999999768e+02 2.163000000000003809e-02
4.166659199999999714e+02 2.358000000000004537e-02
4.181977799999999661e+02 2.624000000000004107e-02
4.197296400000000176e+02 2.902000000000004576e-02
4.212615000000000123e+02 3.256000000000003336e-02
4.227933600000000069e+02 3.749000000000002331e-02
4.243252200000000016e+02 4.362999999999994660e-02
4.258570799999999963e+02 4.991999999999996440e-02
4.273889399999999910e+02 5.725000000000002309e-02
4.289207999999999856e+02 6.672999999999995602e-02
4.304526599999999803e+02 7.706999999999997186e-02
4.319845200000000318e+02 8.904999999999996252e-02
4.335163800000000265e+02 1.018400000000000416e-01
4.350482400000000212e+02 1.159499999999999975e-01
4.365801000000000158e+02 1.316399999999999793e-01
4.381119600000000105e+02 1.471999999999999975e-01
4.396438200000000052e+02 1.632599999999999607e-01
4.411756799999999998e+02 1.803799999999999848e-01
4.427075399999999945e+02 1.992500000000000382e-01
4.442394000000000460e+02 2.190199999999999925e-01
4.457712600000000407e+02 2.389799999999999702e-01
4.473031200000000354e+02 2.603600000000000358e-01
4.488349800000000300e+02 2.821099999999999719e-01
4.503668400000000247e+02 3.020100000000000007e-01
4.518987000000000194e+02 3.214000000000000190e-01
4.534305600000000140e+02 3.408499999999999863e-01
4.549624200000000087e+02 3.589999999999999858e-01
4.564942800000000034e+02 3.771799999999999597e-01
4.580261399999999981e+02 3.955100000000000282e-01
4.595579999999999927e+02 4.132500000000000062e-01
4.610898599999999874e+02 4.310100000000000042e-01
4.626217199999999821e+02 4.485099999999999643e-01
4.641535799999999767e+02 4.646500000000000075e-01
4.656854399999999714e+02 4.799299999999999677e-01
4.672172999999999661e+02 4.942800000000000527e-01
4.687491599999999607e+02 5.066699999999999537e-01
4.702810200000000123e+02 5.180700000000000305e-01
4.718128800000000069e+02 5.289500000000000313e-01
4.733447400000000016e+02 5.393099999999999561e-01
4.748765999999999963e+02 5.495099999999999429e-01
4.764084600000000478e+02 5.594500000000000028e-01
4.779403200000000425e+02 5.688500000000000778e-01
4.794721800000000371e+02 5.778600000000000403e-01
4.810040400000000886e+02 5.862499999999999378e-01
4.825359000000000265e+02 5.935200000000000475e-01
4.840677600000000780e+02 5.989200000000000079e-01
4.855996200000000158e+02 6.030800000000000605e-01
4.871314800000000673e+02 6.073299999999999255e-01
4.886633400000000051e+02 6.115599999999999925e-01
4.901952000000000567e+02 6.156699999999999395e-01
4.917270599999999945e+02 6.199299999999999811e-01
4.932589200000000460e+02 6.242499999999999716e-01
4.947907800000000407e+02 6.281300000000000772e-01
4.963226400000000922e+02 6.313900000000000068e-01
4.978545000000000300e+02 6.334999999999999520e-01
4.993863600000000815e+02 6.342600000000000460e-01
5.009182200000000194e+02 6.345499999999999474e-01
5.024500800000000709e+02 6.347899999999999654e-01
5.039819400000000087e+02 6.351599999999999469e-01
5.055138000000000602e+02 6.357699999999999463e-01
5.070456599999999980e+02 6.367399999999999727e-01
5.085775200000000495e+02 6.373699999999999921e-01
5.101093799999999874e+02 6.378399999999999626e-01
5.116412400000000389e+02 6.374800000000000466e-01
5.131730999999999767e+02 6.357099999999999973e-01
5.147049600000000282e+02 6.336899999999999755e-01
5.162368199999999661e+02 6.321499999999999897e-01
5.177686800000000176e+02 6.303900000000000059e-01
5.193005400000000691e+02 6.289299999999999891e-01
5.208324000000000069e+02 6.279200000000000337e-01
5.223642600000000584e+02 6.266899999999999693e-01
5.238961199999999963e+02 6.257699999999999374e-01
5.254279800000000478e+02 6.245100000000000096e-01
5.269598399999999856e+02 6.222099999999999298e-01
5.284917000000000371e+02 6.197900000000000631e-01
5.300235599999999749e+02 6.175800000000000178e-01
5.315554200000000264e+02 6.160700000000000065e-01
5.330872799999999643e+02 6.154200000000000781e-01
5.346191400000000158e+02 6.155300000000000216e-01
5.361510000000000673e+02 6.163699999999999735e-01
5.376828600000001188e+02 6.175500000000000433e-01
5.392147200000000566e+02 6.192299999999999471e-01
5.407465800000001082e+02 6.209299999999999820e-01
5.422784400000001597e+02 6.225000000000000533e-01
5.438103000000000975e+02 6.244199999999999751e-01
5.453421600000001490e+02 6.275500000000000522e-01
5.468740200000000868e+02 6.318599999999999772e-01
5.484058800000001384e+02 6.374699999999999811e-01
5.499377400000000762e+02 6.439599999999999769e-01
5.514696000000001277e+02 6.508300000000000196e-01
5.530014600000000655e+02 6.580399999999999583e-01
5.545333200000001170e+02 6.638699999999999601e-01
5.560651800000000549e+02 6.684099999999999486e-01
5.575970400000001064e+02 6.749100000000000099e-01
5.591289000000000442e+02 6.886999999999999789e-01
5.606607600000000957e+02 7.007300000000000750e-01
5.621926200000000335e+02 7.092199999999999616e-01
5.637244800000000851e+02 7.178599999999999426e-01
5.652563400000000229e+02 7.267600000000000726e-01
5.667882000000000744e+02 7.363899999999999890e-01
5.683200600000000122e+02 7.459599999999999564e-01
5.698519200000000637e+02 7.550900000000000389e-01
5.713837800000000016e+02 7.644600000000000284e-01
5.729156400000000531e+02 7.740200000000000413e-01
5.744474999999999909e+02 7.839399999999999702e-01
5.759793600000000424e+02 7.942200000000000371e-01
5.775112199999999802e+02 8.042599999999999749e-01
5.790430800000000318e+02 8.140000000000000568e-01
5.805749399999999696e+02 8.233500000000000263e-01
5.821068000000000211e+02 8.322499999999999343e-01
5.836386600000000726e+02 8.408400000000000318e-01
5.851705200000001241e+02 8.487700000000000244e-01
5.867023800000001756e+02 8.563499999999999446e-01
5.882342400000001135e+02 8.639700000000000157e-01
5.897661000000001650e+02 8.712900000000000089e-01
5.912979600000001028e+02 8.781999999999999806e-01
5.928298200000001543e+02 8.847800000000000109e-01
5.943616800000000922e+02 8.908300000000000107e-01
5.958935400000001437e+02 8.962200000000000166e-01
5.974254000000000815e+02 9.013900000000000245e-01
5.989572600000001330e+02 9.063999999999999835e-01
6.004891200000000708e+02 9.106999999999999540e-01
6.020209800000001223e+02 9.148300000000000320e-01
6.035528400000000602e+02 9.187400000000000011e-01
6.050847000000001117e+02 9.224099999999999522e-01
6.066165600000000495e+02 9.260000000000000453e-01
6.081484200000001010e+02 9.291800000000000059e-01
6.096802800000000389e+02 9.321200000000000596e-01
6.112121400000000904e+02 9.349100000000000188e-01
6.127440000000000282e+02 9.374000000000000110e-01
6.142758600000000797e+02 9.396299999999999653e-01
6.158077200000000175e+02 9.416900000000000270e-01
6.173395800000000690e+02 9.441300000000000248e-01
6.188714400000000069e+02 9.461300000000000265e-01
6.204033000000000584e+02 9.477499999999999813e-01
6.219351599999999962e+02 9.494700000000000362e-01
6.234670200000000477e+02 9.511800000000000255e-01
6.249988799999999856e+02 9.526799999999999713e-01
6.265307400000000371e+02 9.539199999999999902e-01
6.280626000000000886e+02 9.551899999999999835e-01
6.295944600000000264e+02 9.564899999999999514e-01
6.311263200000000779e+02 9.576099999999999612e-01
