# BICEP2/Keck Array October 2018 Data Products
# BICEP2/Keck Array X: Constraints on Primordial Gravitational Waves using Planck, WMAP, and New BICEP2/Keck Observations through the 2015 Season
# http://bicepkeck.org/
#
# File: BK15_220_bandpass_20180920.txt
# Date: 2018-09-20
#
# BK15 220 GHz band frequency spectrum
#   Column 1 = frequency in GHz
#   Column 2 = response to a source with uniform spectra radiance
#   Column 3 = response to a source with Rayleigh-Jeans spectrum
#
# Spectra are given for a beam filling source and have been peak-normalized.
# Negative values are at the noise level of the Fourier-transform spectroscopy
# measurement.
#
# Response to a source with uniform spectral radiance (column 2) matches the
# convention used in the Planck Reduced Instrument Model (http://pla.esac.esa.int/pla,
# see Planck 2013 results IX). Response to a source with Rayleigh-Jeans 
# spectrum (column 3) matches the convention used in the WMAP bandpass files 
# available on LAMBDA (http://lambda.gsfc.nasa.gov).
#
180.27   0.00276   0.00224
180.98   0.00356   0.00291
181.69   0.00439   0.00360
182.40   0.00527   0.00433
183.11   0.00557   0.00460
183.81   0.00513   0.00425
184.52   0.00477   0.00397
185.23   0.00508   0.00424
185.94   0.00628   0.00527
186.65   0.00815   0.00686
187.36   0.00963   0.00814
188.07   0.00993   0.00842
188.78   0.00915   0.00779
189.49   0.00848   0.00725
190.20   0.00958   0.00822
190.91   0.01312   0.01129
191.62   0.01819   0.01572
192.33   0.02297   0.01992
193.04   0.02531   0.02203
193.75   0.02505   0.02188
194.46   0.02467   0.02163
195.17   0.02617   0.02303
195.88   0.02998   0.02648
196.59   0.03540   0.03138
197.30   0.04016   0.03573
198.01   0.04286   0.03827
198.72   0.04390   0.03934
199.43   0.04477   0.04026
200.14   0.04672   0.04216
200.85   0.05050   0.04574
201.56   0.05608   0.05097
202.27   0.06205   0.05659
202.98   0.06682   0.06116
203.69   0.07360   0.06760
204.40   0.08840   0.08147
205.11   0.11248   0.10403
205.82   0.14566   0.13518
206.53   0.18825   0.17531
207.24   0.23369   0.21837
207.94   0.27199   0.25502
208.65   0.30087   0.28306
209.36   0.32615   0.30789
210.07   0.35606   0.33727
210.78   0.39368   0.37416
211.49   0.44087   0.42043
212.20   0.50118   0.47954
212.91   0.57208   0.54921
213.62   0.64289   0.61925
214.33   0.70492   0.68126
215.04   0.75451   0.73160
215.75   0.79112   0.76963
216.46   0.81763   0.79804
217.17   0.83674   0.81937
217.88   0.85570   0.84067
218.59   0.88030   0.86766
219.30   0.90637   0.89626
220.01   0.92880   0.92141
220.72   0.94591   0.94141
221.43   0.95509   0.95361
222.14   0.95778   0.95936
222.85   0.96083   0.96549
223.56   0.96743   0.97522
224.27   0.97674   0.98773
224.98   0.98451   0.99874
225.69   0.98265   1.00000
226.40   0.96173   0.98179
227.11   0.91743   0.93950
227.82   0.86347   0.88701
228.53   0.82265   0.84771
229.24   0.79802   0.82488
229.95   0.78328   0.81216
230.66   0.78852   0.82011
231.37   0.81424   0.84947
232.07   0.83589   0.87470
232.78   0.83167   0.87294
233.49   0.80174   0.84409
234.20   0.76034   0.80294
234.91   0.71763   0.76014
235.62   0.67896   0.72135
236.33   0.65808   0.70127
237.04   0.66316   0.70881
237.75   0.67948   0.72843
238.46   0.68869   0.74051
239.17   0.68589   0.73969
239.88   0.67015   0.72486
240.59   0.64030   0.69462
241.30   0.60017   0.65301
242.01   0.56249   0.61381
242.72   0.53930   0.59023
243.43   0.52712   0.57859
244.14   0.51712   0.56927
244.85   0.50825   0.56113
245.56   0.49852   0.55199
246.27   0.48357   0.53698
246.98   0.46380   0.51651
247.69   0.44178   0.49340
248.40   0.42074   0.47125
249.11   0.40346   0.45319
249.82   0.38725   0.43622
250.53   0.36611   0.41358
251.24   0.33656   0.38128
251.95   0.30129   0.34229
252.66   0.26723   0.30445
253.37   0.23796   0.27186
254.08   0.21409   0.24528
254.79   0.19802   0.22750
255.50   0.18958   0.21841
256.21   0.18213   0.21041
256.91   0.16958   0.19645
257.62   0.15274   0.17743
258.33   0.13649   0.15899
259.04   0.12323   0.14394
259.75   0.11254   0.13181
260.46   0.10485   0.12314
261.17   0.10066   0.11854
261.88   0.09801   0.11573
262.59   0.09434   0.11170
263.30   0.08913   0.10582
264.01   0.08321   0.09906
264.72   0.07669   0.09154
265.43   0.06886   0.08241
266.14   0.06001   0.07201
266.85   0.05170   0.06221
267.56   0.04477   0.05401
268.27   0.03910   0.04730
268.98   0.03484   0.04226
269.69   0.03221   0.03917
270.40   0.03052   0.03721
271.11   0.02866   0.03504
271.82   0.02631   0.03225
272.53   0.02370   0.02912
273.24   0.02116   0.02607
273.95   0.01905   0.02353
274.66   0.01757   0.02176
275.37   0.01635   0.02030
276.08   0.01500   0.01867
276.79   0.01351   0.01686
277.50   0.01196   0.01497
278.21   0.01042   0.01307
278.92   0.00907   0.01141
279.63   0.00806   0.01016
280.34   0.00730   0.00923
281.04   0.00655   0.00830
281.75   0.00573   0.00728
282.46   0.00492   0.00627
283.17   0.00417   0.00532
283.88   0.00356   0.00456
284.59   0.00316   0.00406
285.30   0.00294   0.00378
286.01   0.00278   0.00359
286.72   0.00262   0.00339
287.43   0.00244   0.00316
288.14   0.00228   0.00296
288.85   0.00216   0.00281
289.56   0.00204   0.00266
290.27   0.00192   0.00251
290.98   0.00181   0.00237
291.69   0.00168   0.00221
292.40   0.00155   0.00204
293.11   0.00148   0.00196
293.82   0.00148   0.00196
294.53   0.00149   0.00198
295.24   0.00146   0.00194
295.95   0.00142   0.00189
296.66   0.00139   0.00186
297.37   0.00135   0.00181
298.08   0.00125   0.00168
298.79   0.00116   0.00156
299.50   0.00111   0.00150
