178.1000 0.0000 0.1000
178.2000 0.0000 0.1000
178.3000 0.0000 0.1000
178.4000 0.0000 0.1000
178.5000 0.0000 0.1000
178.6000 0.0000 0.1000
178.7000 0.0000 0.1000
178.8000 0.0000 0.1000
178.9000 0.0000 0.1000
179.0000 0.0000 0.1000
179.1000 0.0000 0.1000
179.2000 0.0000 0.1000
179.3000 0.0000 0.1000
179.4000 0.0000 0.1000
179.5000 0.0000 0.1000
179.6000 0.0000 0.1000
179.7000 0.0000 0.1000
179.8000 0.0000 0.1000
179.9000 0.0000 0.1000
180.0000 0.0000 0.1000
180.1000 0.0000 0.1000
180.2000 0.0000 0.1000
180.3000 0.0000 0.1000
180.4000 0.0000 0.1000
180.5000 0.0000 0.1000
180.6000 0.0000 0.1000
180.7000 0.0000 0.1000
180.8000 0.0000 0.1000
180.9000 0.0000 0.1000
181.0000 0.0000 0.1000
181.1000 0.0000 0.1000
181.2000 0.0000 0.1000
181.3000 0.0000 0.1000
181.4000 0.0000 0.1000
181.5000 0.0000 0.1000
181.6000 0.0000 0.1000
181.7000 0.0000 0.1000
181.8000 0.0000 0.1000
181.9000 0.0000 0.1000
182.0000 0.0000 0.1000
182.1000 0.0000 0.1000
182.2000 0.0000 0.1000
182.3000 0.0000 0.1000
182.4000 0.0000 0.1000
182.5000 0.0000 0.1000
182.6000 0.0000 0.1000
182.7000 0.0000 0.1000
182.8000 0.0000 0.1000
182.9000 0.0000 0.1000
183.0000 0.0000 0.1000
183.1000 0.0000 0.1000
183.2000 0.0000 0.1000
183.3000 0.0000 0.1000
183.4000 0.0000 0.1000
183.5000 0.0000 0.1000
183.6000 0.0000 0.1000
183.7000 0.0000 0.1000
183.8000 0.0000 0.1000
183.9000 0.0000 0.1000
184.0000 0.0000 0.1000
184.1000 0.0000 0.1000
184.2000 0.0000 0.1000
184.3000 0.0000 0.1000
184.4000 0.0000 0.1000
184.5000 0.0000 0.1000
184.6000 0.0000 0.1000
184.7000 0.0000 0.1000
184.8000 0.0000 0.1000
184.9000 0.0000 0.1000
185.0000 0.0000 0.1000
185.1000 0.0000 0.1000
185.2000 0.0000 0.1000
185.3000 0.0000 0.1000
185.4000 0.0000 0.1000
185.5000 0.0000 0.1000
185.6000 0.0000 0.1000
185.7000 0.0000 0.1000
185.8000 0.0000 0.1000
185.9000 0.0000 0.1000
186.0000 0.0000 0.1000
186.1000 0.0000 0.1000
186.2000 0.0000 0.1000
186.3000 0.0000 0.1000
186.4000 0.0000 0.1000
186.5000 0.0000 0.1000
186.6000 0.0000 0.1000
186.7000 0.0000 0.1000
186.8000 0.0000 0.1000
186.9000 0.0000 0.1000
187.0000 0.0000 0.1000
187.1000 0.0000 0.1000
187.2000 0.0000 0.1000
187.3000 0.0000 0.1000
187.4000 0.0000 0.1000
187.5000 0.0000 0.1000
187.6000 0.0000 0.1000
187.7000 0.0000 0.1000
187.8000 0.0000 0.1000
187.9000 0.0000 0.1000
188.0000 0.0000 0.1000
188.1000 0.0000 0.1000
188.2000 0.0000 0.1000
188.3000 0.0000 0.1000
188.4000 0.0000 0.1000
188.5000 0.0000 0.1000
188.6000 0.0000 0.1000
188.7000 0.0000 0.1000
188.8000 0.0000 0.1000
188.9000 0.0000 0.1000
189.0000 0.0000 0.1000
189.1000 0.0000 0.1000
189.2000 0.0000 0.1000
189.3000 0.0000 0.1000
189.4000 0.0000 0.1000
189.5000 0.0000 0.1000
189.6000 0.0000 0.1000
189.7000 0.0000 0.1000
189.8000 0.0000 0.1000
189.9000 0.0000 0.1000
190.0000 0.0000 0.1000
190.1000 0.0000 0.1000
190.2000 0.0000 0.1000
190.3000 0.0000 0.1000
190.4000 0.0000 0.1000
190.5000 0.0000 0.1000
190.6000 0.0000 0.1000
190.7000 0.0000 0.1000
190.8000 0.0000 0.1000
190.9000 0.0000 0.1000
191.0000 0.0000 0.1000
191.1000 0.0000 0.1000
191.2000 0.0000 0.1000
191.3000 0.0000 0.1000
191.4000 0.0000 0.1000
191.5000 0.0000 0.1000
191.6000 0.0000 0.1000
191.7000 0.0000 0.1000
191.8000 0.0000 0.1000
191.9000 0.0000 0.1000
192.0000 0.0000 0.1000
192.1000 0.0000 0.1000
192.2000 0.0000 0.1000
192.3000 0.0000 0.1000
192.4000 0.0000 0.1000
192.5000 0.0000 0.1000
192.6000 0.0000 0.1000
192.7000 0.0000 0.1000
192.8000 0.0000 0.1000
192.9000 0.0000 0.1000
193.0000 0.0000 0.1000
193.1000 0.0000 0.1000
193.2000 0.0000 0.1000
193.3000 0.0000 0.1000
193.4000 0.0000 0.1000
193.5000 0.0000 0.1000
193.6000 0.0000 0.1000
193.7000 0.0000 0.1000
193.8000 0.0000 0.1000
193.9000 0.0000 0.1000
194.0000 0.0000 0.1000
194.1000 0.0000 0.1000
194.2000 0.0000 0.1000
194.3000 0.0000 0.1000
194.4000 0.0000 0.1000
194.5000 0.0000 0.1000
194.6000 0.0000 0.1000
194.7000 0.0000 0.1000
194.8000 0.0000 0.1000
194.9000 0.0000 0.1000
195.0000 0.0000 0.1000
195.1000 0.0000 0.1000
195.2000 0.0000 0.1000
195.3000 0.0000 0.1000
195.4000 0.0000 0.1000
195.5000 0.0000 0.1000
195.6000 0.0000 0.1000
195.7000 0.0000 0.1000
195.8000 0.0000 0.1000
195.9000 0.0000 0.1000
196.0000 0.0000 0.1000
196.1000 0.0000 0.1000
196.2000 0.0000 0.1000
196.3000 0.0000 0.1000
196.4000 0.0000 0.1000
196.5000 0.0000 0.1000
196.6000 0.0000 0.1000
196.7000 0.0000 0.1000
196.8000 0.0000 0.1000
196.9000 0.0000 0.1000
197.0000 0.0000 0.1000
197.1000 0.0000 0.1000
197.2000 0.0000 0.1000
197.3000 0.0000 0.1000
197.4000 0.0000 0.1000
197.5000 0.0000 0.1000
197.6000 0.0000 0.1000
197.7000 0.0000 0.1000
197.8000 0.0000 0.1000
197.9000 0.0000 0.1000
198.0000 1.0000 0.1000
198.1000 1.0000 0.1000
198.2000 1.0000 0.1000
198.3000 1.0000 0.1000
198.4000 1.0000 0.1000
198.5000 1.0000 0.1000
198.6000 1.0000 0.1000
198.7000 1.0000 0.1000
198.8000 1.0000 0.1000
198.9000 1.0000 0.1000
199.0000 1.0000 0.1000
199.1000 1.0000 0.1000
199.2000 1.0000 0.1000
199.3000 1.0000 0.1000
199.4000 1.0000 0.1000
199.5000 1.0000 0.1000
199.6000 1.0000 0.1000
199.7000 1.0000 0.1000
199.8000 1.0000 0.1000
199.9000 1.0000 0.1000
200.0000 1.0000 0.1000
200.1000 1.0000 0.1000
200.2000 1.0000 0.1000
200.3000 1.0000 0.1000
200.4000 1.0000 0.1000
200.5000 1.0000 0.1000
200.6000 1.0000 0.1000
200.7000 1.0000 0.1000
200.8000 1.0000 0.1000
200.9000 1.0000 0.1000
201.0000 1.0000 0.1000
201.1000 1.0000 0.1000
201.2000 1.0000 0.1000
201.3000 1.0000 0.1000
201.4000 1.0000 0.1000
201.5000 1.0000 0.1000
201.6000 1.0000 0.1000
201.7000 1.0000 0.1000
201.8000 1.0000 0.1000
201.9000 1.0000 0.1000
202.0000 1.0000 0.1000
202.1000 1.0000 0.1000
202.2000 1.0000 0.1000
202.3000 1.0000 0.1000
202.4000 1.0000 0.1000
202.5000 1.0000 0.1000
202.6000 1.0000 0.1000
202.7000 1.0000 0.1000
202.8000 1.0000 0.1000
202.9000 1.0000 0.1000
203.0000 1.0000 0.1000
203.1000 1.0000 0.1000
203.2000 1.0000 0.1000
203.3000 1.0000 0.1000
203.4000 1.0000 0.1000
203.5000 1.0000 0.1000
203.6000 1.0000 0.1000
203.7000 1.0000 0.1000
203.8000 1.0000 0.1000
203.9000 1.0000 0.1000
204.0000 1.0000 0.1000
204.1000 1.0000 0.1000
204.2000 1.0000 0.1000
204.3000 1.0000 0.1000
204.4000 1.0000 0.1000
204.5000 1.0000 0.1000
204.6000 1.0000 0.1000
204.7000 1.0000 0.1000
204.8000 1.0000 0.1000
204.9000 1.0000 0.1000
205.0000 1.0000 0.1000
205.1000 1.0000 0.1000
205.2000 1.0000 0.1000
205.3000 1.0000 0.1000
205.4000 1.0000 0.1000
205.5000 1.0000 0.1000
205.6000 1.0000 0.1000
205.7000 1.0000 0.1000
205.8000 1.0000 0.1000
205.9000 1.0000 0.1000
206.0000 1.0000 0.1000
206.1000 1.0000 0.1000
206.2000 1.0000 0.1000
206.3000 1.0000 0.1000
206.4000 1.0000 0.1000
206.5000 1.0000 0.1000
206.6000 1.0000 0.1000
206.7000 1.0000 0.1000
206.8000 1.0000 0.1000
206.9000 1.0000 0.1000
207.0000 1.0000 0.1000
207.1000 1.0000 0.1000
207.2000 1.0000 0.1000
207.3000 1.0000 0.1000
207.4000 1.0000 0.1000
207.5000 1.0000 0.1000
207.6000 1.0000 0.1000
207.7000 1.0000 0.1000
207.8000 1.0000 0.1000
207.9000 1.0000 0.1000
208.0000 1.0000 0.1000
208.1000 1.0000 0.1000
208.2000 1.0000 0.1000
208.3000 1.0000 0.1000
208.4000 1.0000 0.1000
208.5000 1.0000 0.1000
208.6000 1.0000 0.1000
208.7000 1.0000 0.1000
208.8000 1.0000 0.1000
208.9000 1.0000 0.1000
209.0000 1.0000 0.1000
209.1000 1.0000 0.1000
209.2000 1.0000 0.1000
209.3000 1.0000 0.1000
209.4000 1.0000 0.1000
209.5000 1.0000 0.1000
209.6000 1.0000 0.1000
209.7000 1.0000 0.1000
209.8000 1.0000 0.1000
209.9000 1.0000 0.1000
210.0000 1.0000 0.1000
210.1000 1.0000 0.1000
210.2000 1.0000 0.1000
210.3000 1.0000 0.1000
210.4000 1.0000 0.1000
210.5000 1.0000 0.1000
210.6000 1.0000 0.1000
210.7000 1.0000 0.1000
210.8000 1.0000 0.1000
210.9000 1.0000 0.1000
211.0000 1.0000 0.1000
211.1000 1.0000 0.1000
211.2000 1.0000 0.1000
211.3000 1.0000 0.1000
211.4000 1.0000 0.1000
211.5000 1.0000 0.1000
211.6000 1.0000 0.1000
211.7000 1.0000 0.1000
211.8000 1.0000 0.1000
211.9000 1.0000 0.1000
212.0000 1.0000 0.1000
212.1000 1.0000 0.1000
212.2000 1.0000 0.1000
212.3000 1.0000 0.1000
212.4000 1.0000 0.1000
212.5000 1.0000 0.1000
212.6000 1.0000 0.1000
212.7000 1.0000 0.1000
212.8000 1.0000 0.1000
212.9000 1.0000 0.1000
213.0000 1.0000 0.1000
213.1000 1.0000 0.1000
213.2000 1.0000 0.1000
213.3000 1.0000 0.1000
213.4000 1.0000 0.1000
213.5000 1.0000 0.1000
213.6000 1.0000 0.1000
213.7000 1.0000 0.1000
213.8000 1.0000 0.1000
213.9000 1.0000 0.1000
214.0000 1.0000 0.1000
214.1000 1.0000 0.1000
214.2000 1.0000 0.1000
214.3000 1.0000 0.1000
214.4000 1.0000 0.1000
214.5000 1.0000 0.1000
214.6000 1.0000 0.1000
214.7000 1.0000 0.1000
214.8000 1.0000 0.1000
214.9000 1.0000 0.1000
215.0000 1.0000 0.1000
215.1000 1.0000 0.1000
215.2000 1.0000 0.1000
215.3000 1.0000 0.1000
215.4000 1.0000 0.1000
215.5000 1.0000 0.1000
215.6000 1.0000 0.1000
215.7000 1.0000 0.1000
215.8000 1.0000 0.1000
215.9000 1.0000 0.1000
216.0000 1.0000 0.1000
216.1000 1.0000 0.1000
216.2000 1.0000 0.1000
216.3000 1.0000 0.1000
216.4000 1.0000 0.1000
216.5000 1.0000 0.1000
216.6000 1.0000 0.1000
216.7000 1.0000 0.1000
216.8000 1.0000 0.1000
216.9000 1.0000 0.1000
217.0000 1.0000 0.1000
217.1000 1.0000 0.1000
217.2000 1.0000 0.1000
217.3000 1.0000 0.1000
217.4000 1.0000 0.1000
217.5000 1.0000 0.1000
217.6000 1.0000 0.1000
217.7000 1.0000 0.1000
217.8000 1.0000 0.1000
217.9000 1.0000 0.1000
218.0000 1.0000 0.1000
218.1000 1.0000 0.1000
218.2000 1.0000 0.1000
218.3000 1.0000 0.1000
218.4000 1.0000 0.1000
218.5000 1.0000 0.1000
218.6000 1.0000 0.1000
218.7000 1.0000 0.1000
218.8000 1.0000 0.1000
218.9000 1.0000 0.1000
219.0000 1.0000 0.1000
219.1000 1.0000 0.1000
219.2000 1.0000 0.1000
219.3000 1.0000 0.1000
219.4000 1.0000 0.1000
219.5000 1.0000 0.1000
219.6000 1.0000 0.1000
219.7000 1.0000 0.1000
219.8000 1.0000 0.1000
219.9000 1.0000 0.1000
220.0000 1.0000 0.1000
220.1000 1.0000 0.1000
220.2000 1.0000 0.1000
220.3000 1.0000 0.1000
220.4000 1.0000 0.1000
220.5000 1.0000 0.1000
220.6000 1.0000 0.1000
220.7000 1.0000 0.1000
220.8000 1.0000 0.1000
220.9000 1.0000 0.1000
221.0000 1.0000 0.1000
221.1000 1.0000 0.1000
221.2000 1.0000 0.1000
221.3000 1.0000 0.1000
221.4000 1.0000 0.1000
221.5000 1.0000 0.1000
221.6000 1.0000 0.1000
221.7000 1.0000 0.1000
221.8000 1.0000 0.1000
221.9000 1.0000 0.1000
222.0000 1.0000 0.1000
222.1000 1.0000 0.1000
222.2000 1.0000 0.1000
222.3000 1.0000 0.1000
222.4000 1.0000 0.1000
222.5000 1.0000 0.1000
222.6000 1.0000 0.1000
222.7000 1.0000 0.1000
222.8000 1.0000 0.1000
222.9000 1.0000 0.1000
223.0000 1.0000 0.1000
223.1000 1.0000 0.1000
223.2000 1.0000 0.1000
223.3000 1.0000 0.1000
223.4000 1.0000 0.1000
223.5000 1.0000 0.1000
223.6000 1.0000 0.1000
223.7000 1.0000 0.1000
223.8000 1.0000 0.1000
223.9000 1.0000 0.1000
224.0000 1.0000 0.1000
224.1000 1.0000 0.1000
224.2000 1.0000 0.1000
224.3000 1.0000 0.1000
224.4000 1.0000 0.1000
224.5000 1.0000 0.1000
224.6000 1.0000 0.1000
224.7000 1.0000 0.1000
224.8000 1.0000 0.1000
224.9000 1.0000 0.1000
225.0000 1.0000 0.1000
225.1000 1.0000 0.1000
225.2000 1.0000 0.1000
225.3000 1.0000 0.1000
225.4000 1.0000 0.1000
225.5000 1.0000 0.1000
225.6000 1.0000 0.1000
225.7000 1.0000 0.1000
225.8000 1.0000 0.1000
225.9000 1.0000 0.1000
226.0000 1.0000 0.1000
226.1000 1.0000 0.1000
226.2000 1.0000 0.1000
226.3000 1.0000 0.1000
226.4000 1.0000 0.1000
226.5000 1.0000 0.1000
226.6000 1.0000 0.1000
226.7000 1.0000 0.1000
226.8000 1.0000 0.1000
226.9000 1.0000 0.1000
227.0000 1.0000 0.1000
227.1000 1.0000 0.1000
227.2000 1.0000 0.1000
227.3000 1.0000 0.1000
227.4000 1.0000 0.1000
227.5000 1.0000 0.1000
227.6000 1.0000 0.1000
227.7000 1.0000 0.1000
227.8000 1.0000 0.1000
227.9000 1.0000 0.1000
228.0000 1.0000 0.1000
228.1000 1.0000 0.1000
228.2000 1.0000 0.1000
228.3000 1.0000 0.1000
228.4000 1.0000 0.1000
228.5000 1.0000 0.1000
228.6000 1.0000 0.1000
228.7000 1.0000 0.1000
228.8000 1.0000 0.1000
228.9000 1.0000 0.1000
229.0000 1.0000 0.1000
229.1000 1.0000 0.1000
229.2000 1.0000 0.1000
229.3000 1.0000 0.1000
229.4000 1.0000 0.1000
229.5000 1.0000 0.1000
229.6000 1.0000 0.1000
229.7000 1.0000 0.1000
229.8000 1.0000 0.1000
229.9000 1.0000 0.1000
230.0000 1.0000 0.1000
230.1000 1.0000 0.1000
230.2000 1.0000 0.1000
230.3000 1.0000 0.1000
230.4000 1.0000 0.1000
230.5000 1.0000 0.1000
230.6000 1.0000 0.1000
230.7000 1.0000 0.1000
230.8000 1.0000 0.1000
230.9000 1.0000 0.1000
231.0000 1.0000 0.1000
231.1000 1.0000 0.1000
231.2000 1.0000 0.1000
231.3000 1.0000 0.1000
231.4000 1.0000 0.1000
231.5000 1.0000 0.1000
231.6000 1.0000 0.1000
231.7000 1.0000 0.1000
231.8000 1.0000 0.1000
231.9000 1.0000 0.1000
232.0000 1.0000 0.1000
232.1000 1.0000 0.1000
232.2000 1.0000 0.1000
232.3000 1.0000 0.1000
232.4000 1.0000 0.1000
232.5000 1.0000 0.1000
232.6000 1.0000 0.1000
232.7000 1.0000 0.1000
232.8000 1.0000 0.1000
232.9000 1.0000 0.1000
233.0000 1.0000 0.1000
233.1000 1.0000 0.1000
233.2000 1.0000 0.1000
233.3000 1.0000 0.1000
233.4000 1.0000 0.1000
233.5000 1.0000 0.1000
233.6000 1.0000 0.1000
233.7000 1.0000 0.1000
233.8000 1.0000 0.1000
233.9000 1.0000 0.1000
234.0000 1.0000 0.1000
234.1000 1.0000 0.1000
234.2000 1.0000 0.1000
234.3000 1.0000 0.1000
234.4000 1.0000 0.1000
234.5000 1.0000 0.1000
234.6000 1.0000 0.1000
234.7000 1.0000 0.1000
234.8000 1.0000 0.1000
234.9000 1.0000 0.1000
235.0000 1.0000 0.1000
235.1000 1.0000 0.1000
235.2000 1.0000 0.1000
235.3000 1.0000 0.1000
235.4000 1.0000 0.1000
235.5000 1.0000 0.1000
235.6000 1.0000 0.1000
235.7000 1.0000 0.1000
235.8000 1.0000 0.1000
235.9000 1.0000 0.1000
236.0000 1.0000 0.1000
236.1000 1.0000 0.1000
236.2000 1.0000 0.1000
236.3000 1.0000 0.1000
236.4000 1.0000 0.1000
236.5000 1.0000 0.1000
236.6000 1.0000 0.1000
236.7000 1.0000 0.1000
236.8000 1.0000 0.1000
236.9000 1.0000 0.1000
237.0000 1.0000 0.1000
237.1000 1.0000 0.1000
237.2000 1.0000 0.1000
237.3000 1.0000 0.1000
237.4000 1.0000 0.1000
237.5000 1.0000 0.1000
237.6000 1.0000 0.1000
237.7000 1.0000 0.1000
237.8000 1.0000 0.1000
237.9000 1.0000 0.1000
238.0000 1.0000 0.1000
238.1000 1.0000 0.1000
238.2000 1.0000 0.1000
238.3000 1.0000 0.1000
238.4000 1.0000 0.1000
238.5000 1.0000 0.1000
238.6000 1.0000 0.1000
238.7000 1.0000 0.1000
238.8000 1.0000 0.1000
238.9000 1.0000 0.1000
239.0000 1.0000 0.1000
239.1000 1.0000 0.1000
239.2000 1.0000 0.1000
239.3000 1.0000 0.1000
239.4000 1.0000 0.1000
239.5000 1.0000 0.1000
239.6000 1.0000 0.1000
239.7000 1.0000 0.1000
239.8000 1.0000 0.1000
239.9000 1.0000 0.1000
240.0000 1.0000 0.1000
240.1000 1.0000 0.1000
240.2000 1.0000 0.1000
240.3000 1.0000 0.1000
240.4000 1.0000 0.1000
240.5000 1.0000 0.1000
240.6000 1.0000 0.1000
240.7000 1.0000 0.1000
240.8000 1.0000 0.1000
240.9000 1.0000 0.1000
241.0000 1.0000 0.1000
241.1000 1.0000 0.1000
241.2000 1.0000 0.1000
241.3000 1.0000 0.1000
241.4000 1.0000 0.1000
241.5000 1.0000 0.1000
241.6000 1.0000 0.1000
241.7000 1.0000 0.1000
241.8000 1.0000 0.1000
241.9000 1.0000 0.1000
242.0000 1.0000 0.1000
242.1000 1.0000 0.1000
242.2000 1.0000 0.1000
242.3000 1.0000 0.1000
242.4000 1.0000 0.1000
242.5000 1.0000 0.1000
242.6000 1.0000 0.1000
242.7000 1.0000 0.1000
242.8000 1.0000 0.1000
242.9000 1.0000 0.1000
243.0000 1.0000 0.1000
243.1000 1.0000 0.1000
243.2000 1.0000 0.1000
243.3000 1.0000 0.1000
243.4000 1.0000 0.1000
243.5000 1.0000 0.1000
243.6000 1.0000 0.1000
243.7000 1.0000 0.1000
243.8000 1.0000 0.1000
243.9000 1.0000 0.1000
244.0000 1.0000 0.1000
244.1000 1.0000 0.1000
244.2000 1.0000 0.1000
244.3000 1.0000 0.1000
244.4000 1.0000 0.1000
244.5000 1.0000 0.1000
244.6000 1.0000 0.1000
244.7000 1.0000 0.1000
244.8000 1.0000 0.1000
244.9000 1.0000 0.1000
245.0000 1.0000 0.1000
245.1000 1.0000 0.1000
245.2000 1.0000 0.1000
245.3000 1.0000 0.1000
245.4000 1.0000 0.1000
245.5000 1.0000 0.1000
245.6000 1.0000 0.1000
245.7000 1.0000 0.1000
245.8000 1.0000 0.1000
245.9000 1.0000 0.1000
246.0000 1.0000 0.1000
246.1000 1.0000 0.1000
246.2000 1.0000 0.1000
246.3000 1.0000 0.1000
246.4000 1.0000 0.1000
246.5000 1.0000 0.1000
246.6000 1.0000 0.1000
246.7000 1.0000 0.1000
246.8000 1.0000 0.1000
246.9000 1.0000 0.1000
247.0000 1.0000 0.1000
247.1000 1.0000 0.1000
247.2000 1.0000 0.1000
247.3000 1.0000 0.1000
247.4000 1.0000 0.1000
247.5000 1.0000 0.1000
247.6000 1.0000 0.1000
247.7000 1.0000 0.1000
247.8000 1.0000 0.1000
247.9000 1.0000 0.1000
248.0000 1.0000 0.1000
248.1000 1.0000 0.1000
248.2000 1.0000 0.1000
248.3000 1.0000 0.1000
248.4000 1.0000 0.1000
248.5000 1.0000 0.1000
248.6000 1.0000 0.1000
248.7000 1.0000 0.1000
248.8000 1.0000 0.1000
248.9000 1.0000 0.1000
249.0000 1.0000 0.1000
249.1000 1.0000 0.1000
249.2000 1.0000 0.1000
249.3000 1.0000 0.1000
249.4000 1.0000 0.1000
249.5000 1.0000 0.1000
249.6000 1.0000 0.1000
249.7000 1.0000 0.1000
249.8000 1.0000 0.1000
249.9000 1.0000 0.1000
250.0000 1.0000 0.1000
250.1000 1.0000 0.1000
250.2000 1.0000 0.1000
250.3000 1.0000 0.1000
250.4000 1.0000 0.1000
250.5000 1.0000 0.1000
250.6000 1.0000 0.1000
250.7000 1.0000 0.1000
250.8000 1.0000 0.1000
250.9000 1.0000 0.1000
251.0000 1.0000 0.1000
251.1000 1.0000 0.1000
251.2000 1.0000 0.1000
251.3000 1.0000 0.1000
251.4000 1.0000 0.1000
251.5000 1.0000 0.1000
251.6000 1.0000 0.1000
251.7000 1.0000 0.1000
251.8000 1.0000 0.1000
251.9000 1.0000 0.1000
252.0000 1.0000 0.1000
252.1000 1.0000 0.1000
252.2000 1.0000 0.1000
252.3000 1.0000 0.1000
252.4000 1.0000 0.1000
252.5000 1.0000 0.1000
252.6000 1.0000 0.1000
252.7000 1.0000 0.1000
252.8000 1.0000 0.1000
252.9000 1.0000 0.1000
253.0000 1.0000 0.1000
253.1000 1.0000 0.1000
253.2000 1.0000 0.1000
253.3000 1.0000 0.1000
253.4000 1.0000 0.1000
253.5000 1.0000 0.1000
253.6000 1.0000 0.1000
253.7000 1.0000 0.1000
253.8000 1.0000 0.1000
253.9000 1.0000 0.1000
254.0000 1.0000 0.1000
254.1000 1.0000 0.1000
254.2000 1.0000 0.1000
254.3000 1.0000 0.1000
254.4000 1.0000 0.1000
254.5000 1.0000 0.1000
254.6000 1.0000 0.1000
254.7000 1.0000 0.1000
254.8000 1.0000 0.1000
254.9000 1.0000 0.1000
255.0000 1.0000 0.1000
255.1000 1.0000 0.1000
255.2000 1.0000 0.1000
255.3000 1.0000 0.1000
255.4000 1.0000 0.1000
255.5000 1.0000 0.1000
255.6000 1.0000 0.1000
255.7000 1.0000 0.1000
255.8000 1.0000 0.1000
255.9000 1.0000 0.1000
256.0000 1.0000 0.1000
256.1000 0.0000 0.1000
256.2000 0.0000 0.1000
256.3000 0.0000 0.1000
256.4000 0.0000 0.1000
256.5000 0.0000 0.1000
256.6000 0.0000 0.1000
256.7000 0.0000 0.1000
256.8000 0.0000 0.1000
256.9000 0.0000 0.1000
257.0000 0.0000 0.1000
257.1000 0.0000 0.1000
257.2000 0.0000 0.1000
257.3000 0.0000 0.1000
257.4000 0.0000 0.1000
257.5000 0.0000 0.1000
257.6000 0.0000 0.1000
257.7000 0.0000 0.1000
257.8000 0.0000 0.1000
257.9000 0.0000 0.1000
258.0000 0.0000 0.1000
258.1000 0.0000 0.1000
258.2000 0.0000 0.1000
258.3000 0.0000 0.1000
258.4000 0.0000 0.1000
258.5000 0.0000 0.1000
258.6000 0.0000 0.1000
258.7000 0.0000 0.1000
258.8000 0.0000 0.1000
258.9000 0.0000 0.1000
259.0000 0.0000 0.1000
259.1000 0.0000 0.1000
259.2000 0.0000 0.1000
259.3000 0.0000 0.1000
259.4000 0.0000 0.1000
259.5000 0.0000 0.1000
259.6000 0.0000 0.1000
259.7000 0.0000 0.1000
259.8000 0.0000 0.1000
259.9000 0.0000 0.1000
260.0000 0.0000 0.1000
260.1000 0.0000 0.1000
260.2000 0.0000 0.1000
260.3000 0.0000 0.1000
260.4000 0.0000 0.1000
260.5000 0.0000 0.1000
260.6000 0.0000 0.1000
260.7000 0.0000 0.1000
260.8000 0.0000 0.1000
260.9000 0.0000 0.1000
261.0000 0.0000 0.1000
261.1000 0.0000 0.1000
261.2000 0.0000 0.1000
261.3000 0.0000 0.1000
261.4000 0.0000 0.1000
261.5000 0.0000 0.1000
261.6000 0.0000 0.1000
261.7000 0.0000 0.1000
261.8000 0.0000 0.1000
261.9000 0.0000 0.1000
262.0000 0.0000 0.1000
262.1000 0.0000 0.1000
262.2000 0.0000 0.1000
262.3000 0.0000 0.1000
262.4000 0.0000 0.1000
262.5000 0.0000 0.1000
262.6000 0.0000 0.1000
262.7000 0.0000 0.1000
262.8000 0.0000 0.1000
262.9000 0.0000 0.1000
263.0000 0.0000 0.1000
263.1000 0.0000 0.1000
263.2000 0.0000 0.1000
263.3000 0.0000 0.1000
263.4000 0.0000 0.1000
263.5000 0.0000 0.1000
263.6000 0.0000 0.1000
263.7000 0.0000 0.1000
263.8000 0.0000 0.1000
263.9000 0.0000 0.1000
264.0000 0.0000 0.1000
264.1000 0.0000 0.1000
264.2000 0.0000 0.1000
264.3000 0.0000 0.1000
264.4000 0.0000 0.1000
264.5000 0.0000 0.1000
264.6000 0.0000 0.1000
264.7000 0.0000 0.1000
264.8000 0.0000 0.1000
264.9000 0.0000 0.1000
265.0000 0.0000 0.1000
265.1000 0.0000 0.1000
265.2000 0.0000 0.1000
265.3000 0.0000 0.1000
265.4000 0.0000 0.1000
265.5000 0.0000 0.1000
265.6000 0.0000 0.1000
265.7000 0.0000 0.1000
265.8000 0.0000 0.1000
265.9000 0.0000 0.1000
266.0000 0.0000 0.1000
266.1000 0.0000 0.1000
266.2000 0.0000 0.1000
266.3000 0.0000 0.1000
266.4000 0.0000 0.1000
266.5000 0.0000 0.1000
266.6000 0.0000 0.1000
266.7000 0.0000 0.1000
266.8000 0.0000 0.1000
266.9000 0.0000 0.1000
267.0000 0.0000 0.1000
267.1000 0.0000 0.1000
267.2000 0.0000 0.1000
267.3000 0.0000 0.1000
267.4000 0.0000 0.1000
267.5000 0.0000 0.1000
267.6000 0.0000 0.1000
267.7000 0.0000 0.1000
267.8000 0.0000 0.1000
267.9000 0.0000 0.1000
268.0000 0.0000 0.1000
268.1000 0.0000 0.1000
268.2000 0.0000 0.1000
268.3000 0.0000 0.1000
268.4000 0.0000 0.1000
268.5000 0.0000 0.1000
268.6000 0.0000 0.1000
268.7000 0.0000 0.1000
268.8000 0.0000 0.1000
268.9000 0.0000 0.1000
269.0000 0.0000 0.1000
269.1000 0.0000 0.1000
269.2000 0.0000 0.1000
269.3000 0.0000 0.1000
269.4000 0.0000 0.1000
269.5000 0.0000 0.1000
269.6000 0.0000 0.1000
269.7000 0.0000 0.1000
269.8000 0.0000 0.1000
269.9000 0.0000 0.1000
270.0000 0.0000 0.1000
270.1000 0.0000 0.1000
270.2000 0.0000 0.1000
270.3000 0.0000 0.1000
270.4000 0.0000 0.1000
270.5000 0.0000 0.1000
270.6000 0.0000 0.1000
270.7000 0.0000 0.1000
270.8000 0.0000 0.1000
270.9000 0.0000 0.1000
271.0000 0.0000 0.1000
271.1000 0.0000 0.1000
271.2000 0.0000 0.1000
271.3000 0.0000 0.1000
271.4000 0.0000 0.1000
271.5000 0.0000 0.1000
271.6000 0.0000 0.1000
271.7000 0.0000 0.1000
271.8000 0.0000 0.1000
271.9000 0.0000 0.1000
272.0000 0.0000 0.1000
272.1000 0.0000 0.1000
272.2000 0.0000 0.1000
272.3000 0.0000 0.1000
272.4000 0.0000 0.1000
272.5000 0.0000 0.1000
272.6000 0.0000 0.1000
272.7000 0.0000 0.1000
272.8000 0.0000 0.1000
272.9000 0.0000 0.1000
273.0000 0.0000 0.1000
273.1000 0.0000 0.1000
273.2000 0.0000 0.1000
273.3000 0.0000 0.1000
273.4000 0.0000 0.1000
273.5000 0.0000 0.1000
273.6000 0.0000 0.1000
273.7000 0.0000 0.1000
273.8000 0.0000 0.1000
273.9000 0.0000 0.1000
274.0000 0.0000 0.1000
274.1000 0.0000 0.1000
274.2000 0.0000 0.1000
274.3000 0.0000 0.1000
274.4000 0.0000 0.1000
274.5000 0.0000 0.1000
274.6000 0.0000 0.1000
274.7000 0.0000 0.1000
274.8000 0.0000 0.1000
274.9000 0.0000 0.1000
275.0000 0.0000 0.1000
275.1000 0.0000 0.1000
275.2000 0.0000 0.1000
275.3000 0.0000 0.1000
275.4000 0.0000 0.1000
275.5000 0.0000 0.1000
275.6000 0.0000 0.1000
275.7000 0.0000 0.1000
275.8000 0.0000 0.1000
275.9000 0.0000 0.1000
276.0000 0.0000 0.1000
276.1000 0.0000 0.1000
276.2000 0.0000 0.1000
276.3000 0.0000 0.1000
276.4000 0.0000 0.1000
276.5000 0.0000 0.1000
276.6000 0.0000 0.1000
276.7000 0.0000 0.1000
276.8000 0.0000 0.1000
276.9000 0.0000 0.1000
277.0000 0.0000 0.1000
277.1000 0.0000 0.1000
277.2000 0.0000 0.1000
277.3000 0.0000 0.1000
277.4000 0.0000 0.1000
277.5000 0.0000 0.1000
277.6000 0.0000 0.1000
277.7000 0.0000 0.1000
277.8000 0.0000 0.1000
277.9000 0.0000 0.1000
278.0000 0.0000 0.1000
278.1000 0.0000 0.1000
278.2000 0.0000 0.1000
278.3000 0.0000 0.1000
278.4000 0.0000 0.1000
278.5000 0.0000 0.1000
278.6000 0.0000 0.1000
278.7000 0.0000 0.1000
278.8000 0.0000 0.1000
278.9000 0.0000 0.1000
279.0000 0.0000 0.1000
279.1000 0.0000 0.1000
279.2000 0.0000 0.1000
279.3000 0.0000 0.1000
279.4000 0.0000 0.1000
279.5000 0.0000 0.1000
279.6000 0.0000 0.1000
279.7000 0.0000 0.1000
279.8000 0.0000 0.1000
279.9000 0.0000 0.1000
280.0000 0.0000 0.1000
280.1000 0.0000 0.1000
280.2000 0.0000 0.1000
280.3000 0.0000 0.1000
280.4000 0.0000 0.1000
280.5000 0.0000 0.1000
280.6000 0.0000 0.1000
280.7000 0.0000 0.1000
280.8000 0.0000 0.1000
280.9000 0.0000 0.1000
281.0000 0.0000 0.1000
281.1000 0.0000 0.1000
281.2000 0.0000 0.1000
281.3000 0.0000 0.1000
281.4000 0.0000 0.1000
281.5000 0.0000 0.1000
281.6000 0.0000 0.1000
