230.4000 0.0000 0.1000
230.5000 0.0000 0.1000
230.6000 0.0000 0.1000
230.7000 0.0000 0.1000
230.8000 0.0000 0.1000
230.9000 0.0000 0.1000
231.0000 0.0000 0.1000
231.1000 0.0000 0.1000
231.2000 0.0000 0.1000
231.3000 0.0000 0.1000
231.4000 0.0000 0.1000
231.5000 0.0000 0.1000
231.6000 0.0000 0.1000
231.7000 0.0000 0.1000
231.8000 0.0000 0.1000
231.9000 0.0000 0.1000
232.0000 0.0000 0.1000
232.1000 0.0000 0.1000
232.2000 0.0000 0.1000
232.3000 0.0000 0.1000
232.4000 0.0000 0.1000
232.5000 0.0000 0.1000
232.6000 0.0000 0.1000
232.7000 0.0000 0.1000
232.8000 0.0000 0.1000
232.9000 0.0000 0.1000
233.0000 0.0000 0.1000
233.1000 0.0000 0.1000
233.2000 0.0000 0.1000
233.3000 0.0000 0.1000
233.4000 0.0000 0.1000
233.5000 0.0000 0.1000
233.6000 0.0000 0.1000
233.7000 0.0000 0.1000
233.8000 0.0000 0.1000
233.9000 0.0000 0.1000
234.0000 0.0000 0.1000
234.1000 0.0000 0.1000
234.2000 0.0000 0.1000
234.3000 0.0000 0.1000
234.4000 0.0000 0.1000
234.5000 0.0000 0.1000
234.6000 0.0000 0.1000
234.7000 0.0000 0.1000
234.8000 0.0000 0.1000
234.9000 0.0000 0.1000
235.0000 0.0000 0.1000
235.1000 0.0000 0.1000
235.2000 0.0000 0.1000
235.3000 0.0000 0.1000
235.4000 0.0000 0.1000
235.5000 0.0000 0.1000
235.6000 0.0000 0.1000
235.7000 0.0000 0.1000
235.8000 0.0000 0.1000
235.9000 0.0000 0.1000
236.0000 0.0000 0.1000
236.1000 0.0000 0.1000
236.2000 0.0000 0.1000
236.3000 0.0000 0.1000
236.4000 0.0000 0.1000
236.5000 0.0000 0.1000
236.6000 0.0000 0.1000
236.7000 0.0000 0.1000
236.8000 0.0000 0.1000
236.9000 0.0000 0.1000
237.0000 0.0000 0.1000
237.1000 0.0000 0.1000
237.2000 0.0000 0.1000
237.3000 0.0000 0.1000
237.4000 0.0000 0.1000
237.5000 0.0000 0.1000
237.6000 0.0000 0.1000
237.7000 0.0000 0.1000
237.8000 0.0000 0.1000
237.9000 0.0000 0.1000
238.0000 0.0000 0.1000
238.1000 0.0000 0.1000
238.2000 0.0000 0.1000
238.3000 0.0000 0.1000
238.4000 0.0000 0.1000
238.5000 0.0000 0.1000
238.6000 0.0000 0.1000
238.7000 0.0000 0.1000
238.8000 0.0000 0.1000
238.9000 0.0000 0.1000
239.0000 0.0000 0.1000
239.1000 0.0000 0.1000
239.2000 0.0000 0.1000
239.3000 0.0000 0.1000
239.4000 0.0000 0.1000
239.5000 0.0000 0.1000
239.6000 0.0000 0.1000
239.7000 0.0000 0.1000
239.8000 0.0000 0.1000
239.9000 0.0000 0.1000
240.0000 0.0000 0.1000
240.1000 0.0000 0.1000
240.2000 0.0000 0.1000
240.3000 0.0000 0.1000
240.4000 0.0000 0.1000
240.5000 0.0000 0.1000
240.6000 0.0000 0.1000
240.7000 0.0000 0.1000
240.8000 0.0000 0.1000
240.9000 0.0000 0.1000
241.0000 0.0000 0.1000
241.1000 0.0000 0.1000
241.2000 0.0000 0.1000
241.3000 0.0000 0.1000
241.4000 0.0000 0.1000
241.5000 0.0000 0.1000
241.6000 0.0000 0.1000
241.7000 0.0000 0.1000
241.8000 0.0000 0.1000
241.9000 0.0000 0.1000
242.0000 0.0000 0.1000
242.1000 0.0000 0.1000
242.2000 0.0000 0.1000
242.3000 0.0000 0.1000
242.4000 0.0000 0.1000
242.5000 0.0000 0.1000
242.6000 0.0000 0.1000
242.7000 0.0000 0.1000
242.8000 0.0000 0.1000
242.9000 0.0000 0.1000
243.0000 0.0000 0.1000
243.1000 0.0000 0.1000
243.2000 0.0000 0.1000
243.3000 0.0000 0.1000
243.4000 0.0000 0.1000
243.5000 0.0000 0.1000
243.6000 0.0000 0.1000
243.7000 0.0000 0.1000
243.8000 0.0000 0.1000
243.9000 0.0000 0.1000
244.0000 0.0000 0.1000
244.1000 0.0000 0.1000
244.2000 0.0000 0.1000
244.3000 0.0000 0.1000
244.4000 0.0000 0.1000
244.5000 0.0000 0.1000
244.6000 0.0000 0.1000
244.7000 0.0000 0.1000
244.8000 0.0000 0.1000
244.9000 0.0000 0.1000
245.0000 0.0000 0.1000
245.1000 0.0000 0.1000
245.2000 0.0000 0.1000
245.3000 0.0000 0.1000
245.4000 0.0000 0.1000
245.5000 0.0000 0.1000
245.6000 0.0000 0.1000
245.7000 0.0000 0.1000
245.8000 0.0000 0.1000
245.9000 0.0000 0.1000
246.0000 0.0000 0.1000
246.1000 0.0000 0.1000
246.2000 0.0000 0.1000
246.3000 0.0000 0.1000
246.4000 0.0000 0.1000
246.5000 0.0000 0.1000
246.6000 0.0000 0.1000
246.7000 0.0000 0.1000
246.8000 0.0000 0.1000
246.9000 0.0000 0.1000
247.0000 0.0000 0.1000
247.1000 0.0000 0.1000
247.2000 0.0000 0.1000
247.3000 0.0000 0.1000
247.4000 0.0000 0.1000
247.5000 0.0000 0.1000
247.6000 0.0000 0.1000
247.7000 0.0000 0.1000
247.8000 0.0000 0.1000
247.9000 0.0000 0.1000
248.0000 0.0000 0.1000
248.1000 0.0000 0.1000
248.2000 0.0000 0.1000
248.3000 0.0000 0.1000
248.4000 0.0000 0.1000
248.5000 0.0000 0.1000
248.6000 0.0000 0.1000
248.7000 0.0000 0.1000
248.8000 0.0000 0.1000
248.9000 0.0000 0.1000
249.0000 0.0000 0.1000
249.1000 0.0000 0.1000
249.2000 0.0000 0.1000
249.3000 0.0000 0.1000
249.4000 0.0000 0.1000
249.5000 0.0000 0.1000
249.6000 0.0000 0.1000
249.7000 0.0000 0.1000
249.8000 0.0000 0.1000
249.9000 0.0000 0.1000
250.0000 0.0000 0.1000
250.1000 0.0000 0.1000
250.2000 0.0000 0.1000
250.3000 0.0000 0.1000
250.4000 0.0000 0.1000
250.5000 0.0000 0.1000
250.6000 0.0000 0.1000
250.7000 0.0000 0.1000
250.8000 0.0000 0.1000
250.9000 0.0000 0.1000
251.0000 0.0000 0.1000
251.1000 0.0000 0.1000
251.2000 0.0000 0.1000
251.3000 0.0000 0.1000
251.4000 0.0000 0.1000
251.5000 0.0000 0.1000
251.6000 0.0000 0.1000
251.7000 0.0000 0.1000
251.8000 0.0000 0.1000
251.9000 0.0000 0.1000
252.0000 0.0000 0.1000
252.1000 0.0000 0.1000
252.2000 0.0000 0.1000
252.3000 0.0000 0.1000
252.4000 0.0000 0.1000
252.5000 0.0000 0.1000
252.6000 0.0000 0.1000
252.7000 0.0000 0.1000
252.8000 0.0000 0.1000
252.9000 0.0000 0.1000
253.0000 0.0000 0.1000
253.1000 0.0000 0.1000
253.2000 0.0000 0.1000
253.3000 0.0000 0.1000
253.4000 0.0000 0.1000
253.5000 0.0000 0.1000
253.6000 0.0000 0.1000
253.7000 0.0000 0.1000
253.8000 0.0000 0.1000
253.9000 0.0000 0.1000
254.0000 0.0000 0.1000
254.1000 0.0000 0.1000
254.2000 0.0000 0.1000
254.3000 0.0000 0.1000
254.4000 0.0000 0.1000
254.5000 0.0000 0.1000
254.6000 0.0000 0.1000
254.7000 0.0000 0.1000
254.8000 0.0000 0.1000
254.9000 0.0000 0.1000
255.0000 0.0000 0.1000
255.1000 0.0000 0.1000
255.2000 0.0000 0.1000
255.3000 0.0000 0.1000
255.4000 0.0000 0.1000
255.5000 0.0000 0.1000
255.6000 0.0000 0.1000
255.7000 0.0000 0.1000
255.8000 0.0000 0.1000
255.9000 0.0000 0.1000
256.0000 1.0000 0.1000
256.1000 1.0000 0.1000
256.2000 1.0000 0.1000
256.3000 1.0000 0.1000
256.4000 1.0000 0.1000
256.5000 1.0000 0.1000
256.6000 1.0000 0.1000
256.7000 1.0000 0.1000
256.8000 1.0000 0.1000
256.9000 1.0000 0.1000
257.0000 1.0000 0.1000
257.1000 1.0000 0.1000
257.2000 1.0000 0.1000
257.3000 1.0000 0.1000
257.4000 1.0000 0.1000
257.5000 1.0000 0.1000
257.6000 1.0000 0.1000
257.7000 1.0000 0.1000
257.8000 1.0000 0.1000
257.9000 1.0000 0.1000
258.0000 1.0000 0.1000
258.1000 1.0000 0.1000
258.2000 1.0000 0.1000
258.3000 1.0000 0.1000
258.4000 1.0000 0.1000
258.5000 1.0000 0.1000
258.6000 1.0000 0.1000
258.7000 1.0000 0.1000
258.8000 1.0000 0.1000
258.9000 1.0000 0.1000
259.0000 1.0000 0.1000
259.1000 1.0000 0.1000
259.2000 1.0000 0.1000
259.3000 1.0000 0.1000
259.4000 1.0000 0.1000
259.5000 1.0000 0.1000
259.6000 1.0000 0.1000
259.7000 1.0000 0.1000
259.8000 1.0000 0.1000
259.9000 1.0000 0.1000
260.0000 1.0000 0.1000
260.1000 1.0000 0.1000
260.2000 1.0000 0.1000
260.3000 1.0000 0.1000
260.4000 1.0000 0.1000
260.5000 1.0000 0.1000
260.6000 1.0000 0.1000
260.7000 1.0000 0.1000
260.8000 1.0000 0.1000
260.9000 1.0000 0.1000
261.0000 1.0000 0.1000
261.1000 1.0000 0.1000
261.2000 1.0000 0.1000
261.3000 1.0000 0.1000
261.4000 1.0000 0.1000
261.5000 1.0000 0.1000
261.6000 1.0000 0.1000
261.7000 1.0000 0.1000
261.8000 1.0000 0.1000
261.9000 1.0000 0.1000
262.0000 1.0000 0.1000
262.1000 1.0000 0.1000
262.2000 1.0000 0.1000
262.3000 1.0000 0.1000
262.4000 1.0000 0.1000
262.5000 1.0000 0.1000
262.6000 1.0000 0.1000
262.7000 1.0000 0.1000
262.8000 1.0000 0.1000
262.9000 1.0000 0.1000
263.0000 1.0000 0.1000
263.1000 1.0000 0.1000
263.2000 1.0000 0.1000
263.3000 1.0000 0.1000
263.4000 1.0000 0.1000
263.5000 1.0000 0.1000
263.6000 1.0000 0.1000
263.7000 1.0000 0.1000
263.8000 1.0000 0.1000
263.9000 1.0000 0.1000
264.0000 1.0000 0.1000
264.1000 1.0000 0.1000
264.2000 1.0000 0.1000
264.3000 1.0000 0.1000
264.4000 1.0000 0.1000
264.5000 1.0000 0.1000
264.6000 1.0000 0.1000
264.7000 1.0000 0.1000
264.8000 1.0000 0.1000
264.9000 1.0000 0.1000
265.0000 1.0000 0.1000
265.1000 1.0000 0.1000
265.2000 1.0000 0.1000
265.3000 1.0000 0.1000
265.4000 1.0000 0.1000
265.5000 1.0000 0.1000
265.6000 1.0000 0.1000
265.7000 1.0000 0.1000
265.8000 1.0000 0.1000
265.9000 1.0000 0.1000
266.0000 1.0000 0.1000
266.1000 1.0000 0.1000
266.2000 1.0000 0.1000
266.3000 1.0000 0.1000
266.4000 1.0000 0.1000
266.5000 1.0000 0.1000
266.6000 1.0000 0.1000
266.7000 1.0000 0.1000
266.8000 1.0000 0.1000
266.9000 1.0000 0.1000
267.0000 1.0000 0.1000
267.1000 1.0000 0.1000
267.2000 1.0000 0.1000
267.3000 1.0000 0.1000
267.4000 1.0000 0.1000
267.5000 1.0000 0.1000
267.6000 1.0000 0.1000
267.7000 1.0000 0.1000
267.8000 1.0000 0.1000
267.9000 1.0000 0.1000
268.0000 1.0000 0.1000
268.1000 1.0000 0.1000
268.2000 1.0000 0.1000
268.3000 1.0000 0.1000
268.4000 1.0000 0.1000
268.5000 1.0000 0.1000
268.6000 1.0000 0.1000
268.7000 1.0000 0.1000
268.8000 1.0000 0.1000
268.9000 1.0000 0.1000
269.0000 1.0000 0.1000
269.1000 1.0000 0.1000
269.2000 1.0000 0.1000
269.3000 1.0000 0.1000
269.4000 1.0000 0.1000
269.5000 1.0000 0.1000
269.6000 1.0000 0.1000
269.7000 1.0000 0.1000
269.8000 1.0000 0.1000
269.9000 1.0000 0.1000
270.0000 1.0000 0.1000
270.1000 1.0000 0.1000
270.2000 1.0000 0.1000
270.3000 1.0000 0.1000
270.4000 1.0000 0.1000
270.5000 1.0000 0.1000
270.6000 1.0000 0.1000
270.7000 1.0000 0.1000
270.8000 1.0000 0.1000
270.9000 1.0000 0.1000
271.0000 1.0000 0.1000
271.1000 1.0000 0.1000
271.2000 1.0000 0.1000
271.3000 1.0000 0.1000
271.4000 1.0000 0.1000
271.5000 1.0000 0.1000
271.6000 1.0000 0.1000
271.7000 1.0000 0.1000
271.8000 1.0000 0.1000
271.9000 1.0000 0.1000
272.0000 1.0000 0.1000
272.1000 1.0000 0.1000
272.2000 1.0000 0.1000
272.3000 1.0000 0.1000
272.4000 1.0000 0.1000
272.5000 1.0000 0.1000
272.6000 1.0000 0.1000
272.7000 1.0000 0.1000
272.8000 1.0000 0.1000
272.9000 1.0000 0.1000
273.0000 1.0000 0.1000
273.1000 1.0000 0.1000
273.2000 1.0000 0.1000
273.3000 1.0000 0.1000
273.4000 1.0000 0.1000
273.5000 1.0000 0.1000
273.6000 1.0000 0.1000
273.7000 1.0000 0.1000
273.8000 1.0000 0.1000
273.9000 1.0000 0.1000
274.0000 1.0000 0.1000
274.1000 1.0000 0.1000
274.2000 1.0000 0.1000
274.3000 1.0000 0.1000
274.4000 1.0000 0.1000
274.5000 1.0000 0.1000
274.6000 1.0000 0.1000
274.7000 1.0000 0.1000
274.8000 1.0000 0.1000
274.9000 1.0000 0.1000
275.0000 1.0000 0.1000
275.1000 1.0000 0.1000
275.2000 1.0000 0.1000
275.3000 1.0000 0.1000
275.4000 1.0000 0.1000
275.5000 1.0000 0.1000
275.6000 1.0000 0.1000
275.7000 1.0000 0.1000
275.8000 1.0000 0.1000
275.9000 1.0000 0.1000
276.0000 1.0000 0.1000
276.1000 1.0000 0.1000
276.2000 1.0000 0.1000
276.3000 1.0000 0.1000
276.4000 1.0000 0.1000
276.5000 1.0000 0.1000
276.6000 1.0000 0.1000
276.7000 1.0000 0.1000
276.8000 1.0000 0.1000
276.9000 1.0000 0.1000
277.0000 1.0000 0.1000
277.1000 1.0000 0.1000
277.2000 1.0000 0.1000
277.3000 1.0000 0.1000
277.4000 1.0000 0.1000
277.5000 1.0000 0.1000
277.6000 1.0000 0.1000
277.7000 1.0000 0.1000
277.8000 1.0000 0.1000
277.9000 1.0000 0.1000
278.0000 1.0000 0.1000
278.1000 1.0000 0.1000
278.2000 1.0000 0.1000
278.3000 1.0000 0.1000
278.4000 1.0000 0.1000
278.5000 1.0000 0.1000
278.6000 1.0000 0.1000
278.7000 1.0000 0.1000
278.8000 1.0000 0.1000
278.9000 1.0000 0.1000
279.0000 1.0000 0.1000
279.1000 1.0000 0.1000
279.2000 1.0000 0.1000
279.3000 1.0000 0.1000
279.4000 1.0000 0.1000
279.5000 1.0000 0.1000
279.6000 1.0000 0.1000
279.7000 1.0000 0.1000
279.8000 1.0000 0.1000
279.9000 1.0000 0.1000
280.0000 1.0000 0.1000
280.1000 1.0000 0.1000
280.2000 1.0000 0.1000
280.3000 1.0000 0.1000
280.4000 1.0000 0.1000
280.5000 1.0000 0.1000
280.6000 1.0000 0.1000
280.7000 1.0000 0.1000
280.8000 1.0000 0.1000
280.9000 1.0000 0.1000
281.0000 1.0000 0.1000
281.1000 1.0000 0.1000
281.2000 1.0000 0.1000
281.3000 1.0000 0.1000
281.4000 1.0000 0.1000
281.5000 1.0000 0.1000
281.6000 1.0000 0.1000
281.7000 1.0000 0.1000
281.8000 1.0000 0.1000
281.9000 1.0000 0.1000
282.0000 1.0000 0.1000
282.1000 1.0000 0.1000
282.2000 1.0000 0.1000
282.3000 1.0000 0.1000
282.4000 1.0000 0.1000
282.5000 1.0000 0.1000
282.6000 1.0000 0.1000
282.7000 1.0000 0.1000
282.8000 1.0000 0.1000
282.9000 1.0000 0.1000
283.0000 1.0000 0.1000
283.1000 1.0000 0.1000
283.2000 1.0000 0.1000
283.3000 1.0000 0.1000
283.4000 1.0000 0.1000
283.5000 1.0000 0.1000
283.6000 1.0000 0.1000
283.7000 1.0000 0.1000
283.8000 1.0000 0.1000
283.9000 1.0000 0.1000
284.0000 1.0000 0.1000
284.1000 1.0000 0.1000
284.2000 1.0000 0.1000
284.3000 1.0000 0.1000
284.4000 1.0000 0.1000
284.5000 1.0000 0.1000
284.6000 1.0000 0.1000
284.7000 1.0000 0.1000
284.8000 1.0000 0.1000
284.9000 1.0000 0.1000
285.0000 1.0000 0.1000
285.1000 1.0000 0.1000
285.2000 1.0000 0.1000
285.3000 1.0000 0.1000
285.4000 1.0000 0.1000
285.5000 1.0000 0.1000
285.6000 1.0000 0.1000
285.7000 1.0000 0.1000
285.8000 1.0000 0.1000
285.9000 1.0000 0.1000
286.0000 1.0000 0.1000
286.1000 1.0000 0.1000
286.2000 1.0000 0.1000
286.3000 1.0000 0.1000
286.4000 1.0000 0.1000
286.5000 1.0000 0.1000
286.6000 1.0000 0.1000
286.7000 1.0000 0.1000
286.8000 1.0000 0.1000
286.9000 1.0000 0.1000
287.0000 1.0000 0.1000
287.1000 1.0000 0.1000
287.2000 1.0000 0.1000
287.3000 1.0000 0.1000
287.4000 1.0000 0.1000
287.5000 1.0000 0.1000
287.6000 1.0000 0.1000
287.7000 1.0000 0.1000
287.8000 1.0000 0.1000
287.9000 1.0000 0.1000
288.0000 1.0000 0.1000
288.1000 1.0000 0.1000
288.2000 1.0000 0.1000
288.3000 1.0000 0.1000
288.4000 1.0000 0.1000
288.5000 1.0000 0.1000
288.6000 1.0000 0.1000
288.7000 1.0000 0.1000
288.8000 1.0000 0.1000
288.9000 1.0000 0.1000
289.0000 1.0000 0.1000
289.1000 1.0000 0.1000
289.2000 1.0000 0.1000
289.3000 1.0000 0.1000
289.4000 1.0000 0.1000
289.5000 1.0000 0.1000
289.6000 1.0000 0.1000
289.7000 1.0000 0.1000
289.8000 1.0000 0.1000
289.9000 1.0000 0.1000
290.0000 1.0000 0.1000
290.1000 1.0000 0.1000
290.2000 1.0000 0.1000
290.3000 1.0000 0.1000
290.4000 1.0000 0.1000
290.5000 1.0000 0.1000
290.6000 1.0000 0.1000
290.7000 1.0000 0.1000
290.8000 1.0000 0.1000
290.9000 1.0000 0.1000
291.0000 1.0000 0.1000
291.1000 1.0000 0.1000
291.2000 1.0000 0.1000
291.3000 1.0000 0.1000
291.4000 1.0000 0.1000
291.5000 1.0000 0.1000
291.6000 1.0000 0.1000
291.7000 1.0000 0.1000
291.8000 1.0000 0.1000
291.9000 1.0000 0.1000
292.0000 1.0000 0.1000
292.1000 1.0000 0.1000
292.2000 1.0000 0.1000
292.3000 1.0000 0.1000
292.4000 1.0000 0.1000
292.5000 1.0000 0.1000
292.6000 1.0000 0.1000
292.7000 1.0000 0.1000
292.8000 1.0000 0.1000
292.9000 1.0000 0.1000
293.0000 1.0000 0.1000
293.1000 1.0000 0.1000
293.2000 1.0000 0.1000
293.3000 1.0000 0.1000
293.4000 1.0000 0.1000
293.5000 1.0000 0.1000
293.6000 1.0000 0.1000
293.7000 1.0000 0.1000
293.8000 1.0000 0.1000
293.9000 1.0000 0.1000
294.0000 1.0000 0.1000
294.1000 1.0000 0.1000
294.2000 1.0000 0.1000
294.3000 1.0000 0.1000
294.4000 1.0000 0.1000
294.5000 1.0000 0.1000
294.6000 1.0000 0.1000
294.7000 1.0000 0.1000
294.8000 1.0000 0.1000
294.9000 1.0000 0.1000
295.0000 1.0000 0.1000
295.1000 1.0000 0.1000
295.2000 1.0000 0.1000
295.3000 1.0000 0.1000
295.4000 1.0000 0.1000
295.5000 1.0000 0.1000
295.6000 1.0000 0.1000
295.7000 1.0000 0.1000
295.8000 1.0000 0.1000
295.9000 1.0000 0.1000
296.0000 1.0000 0.1000
296.1000 1.0000 0.1000
296.2000 1.0000 0.1000
296.3000 1.0000 0.1000
296.4000 1.0000 0.1000
296.5000 1.0000 0.1000
296.6000 1.0000 0.1000
296.7000 1.0000 0.1000
296.8000 1.0000 0.1000
296.9000 1.0000 0.1000
297.0000 1.0000 0.1000
297.1000 1.0000 0.1000
297.2000 1.0000 0.1000
297.3000 1.0000 0.1000
297.4000 1.0000 0.1000
297.5000 1.0000 0.1000
297.6000 1.0000 0.1000
297.7000 1.0000 0.1000
297.8000 1.0000 0.1000
297.9000 1.0000 0.1000
298.0000 1.0000 0.1000
298.1000 1.0000 0.1000
298.2000 1.0000 0.1000
298.3000 1.0000 0.1000
298.4000 1.0000 0.1000
298.5000 1.0000 0.1000
298.6000 1.0000 0.1000
298.7000 1.0000 0.1000
298.8000 1.0000 0.1000
298.9000 1.0000 0.1000
299.0000 1.0000 0.1000
299.1000 1.0000 0.1000
299.2000 1.0000 0.1000
299.3000 1.0000 0.1000
299.4000 1.0000 0.1000
299.5000 1.0000 0.1000
299.6000 1.0000 0.1000
299.7000 1.0000 0.1000
299.8000 1.0000 0.1000
299.9000 1.0000 0.1000
300.0000 1.0000 0.1000
300.1000 1.0000 0.1000
300.2000 1.0000 0.1000
300.3000 1.0000 0.1000
300.4000 1.0000 0.1000
300.5000 1.0000 0.1000
300.6000 1.0000 0.1000
300.7000 1.0000 0.1000
300.8000 1.0000 0.1000
300.9000 1.0000 0.1000
301.0000 1.0000 0.1000
301.1000 1.0000 0.1000
301.2000 1.0000 0.1000
301.3000 1.0000 0.1000
301.4000 1.0000 0.1000
301.5000 1.0000 0.1000
301.6000 1.0000 0.1000
301.7000 1.0000 0.1000
301.8000 1.0000 0.1000
301.9000 1.0000 0.1000
302.0000 1.0000 0.1000
302.1000 1.0000 0.1000
302.2000 1.0000 0.1000
302.3000 1.0000 0.1000
302.4000 1.0000 0.1000
302.5000 1.0000 0.1000
302.6000 1.0000 0.1000
302.7000 1.0000 0.1000
302.8000 1.0000 0.1000
302.9000 1.0000 0.1000
303.0000 1.0000 0.1000
303.1000 1.0000 0.1000
303.2000 1.0000 0.1000
303.3000 1.0000 0.1000
303.4000 1.0000 0.1000
303.5000 1.0000 0.1000
303.6000 1.0000 0.1000
303.7000 1.0000 0.1000
303.8000 1.0000 0.1000
303.9000 1.0000 0.1000
304.0000 1.0000 0.1000
304.1000 1.0000 0.1000
304.2000 1.0000 0.1000
304.3000 1.0000 0.1000
304.4000 1.0000 0.1000
304.5000 1.0000 0.1000
304.6000 1.0000 0.1000
304.7000 1.0000 0.1000
304.8000 1.0000 0.1000
304.9000 1.0000 0.1000
305.0000 1.0000 0.1000
305.1000 1.0000 0.1000
305.2000 1.0000 0.1000
305.3000 1.0000 0.1000
305.4000 1.0000 0.1000
305.5000 1.0000 0.1000
305.6000 1.0000 0.1000
305.7000 1.0000 0.1000
305.8000 1.0000 0.1000
305.9000 1.0000 0.1000
306.0000 1.0000 0.1000
306.1000 1.0000 0.1000
306.2000 1.0000 0.1000
306.3000 1.0000 0.1000
306.4000 1.0000 0.1000
306.5000 1.0000 0.1000
306.6000 1.0000 0.1000
306.7000 1.0000 0.1000
306.8000 1.0000 0.1000
306.9000 1.0000 0.1000
307.0000 1.0000 0.1000
307.1000 1.0000 0.1000
307.2000 1.0000 0.1000
307.3000 1.0000 0.1000
307.4000 1.0000 0.1000
307.5000 1.0000 0.1000
307.6000 1.0000 0.1000
307.7000 1.0000 0.1000
307.8000 1.0000 0.1000
307.9000 1.0000 0.1000
308.0000 1.0000 0.1000
308.1000 1.0000 0.1000
308.2000 1.0000 0.1000
308.3000 1.0000 0.1000
308.4000 1.0000 0.1000
308.5000 1.0000 0.1000
308.6000 1.0000 0.1000
308.7000 1.0000 0.1000
308.8000 1.0000 0.1000
308.9000 1.0000 0.1000
309.0000 1.0000 0.1000
309.1000 1.0000 0.1000
309.2000 1.0000 0.1000
309.3000 1.0000 0.1000
309.4000 1.0000 0.1000
309.5000 1.0000 0.1000
309.6000 1.0000 0.1000
309.7000 1.0000 0.1000
309.8000 1.0000 0.1000
309.9000 1.0000 0.1000
310.0000 1.0000 0.1000
310.1000 1.0000 0.1000
310.2000 1.0000 0.1000
310.3000 1.0000 0.1000
310.4000 1.0000 0.1000
310.5000 1.0000 0.1000
310.6000 1.0000 0.1000
310.7000 1.0000 0.1000
310.8000 1.0000 0.1000
310.9000 1.0000 0.1000
311.0000 1.0000 0.1000
311.1000 1.0000 0.1000
311.2000 1.0000 0.1000
311.3000 1.0000 0.1000
311.4000 1.0000 0.1000
311.5000 1.0000 0.1000
311.6000 1.0000 0.1000
311.7000 1.0000 0.1000
311.8000 1.0000 0.1000
311.9000 1.0000 0.1000
312.0000 1.0000 0.1000
312.1000 1.0000 0.1000
312.2000 1.0000 0.1000
312.3000 1.0000 0.1000
312.4000 1.0000 0.1000
312.5000 1.0000 0.1000
312.6000 1.0000 0.1000
312.7000 1.0000 0.1000
312.8000 1.0000 0.1000
312.9000 1.0000 0.1000
313.0000 1.0000 0.1000
313.1000 1.0000 0.1000
313.2000 1.0000 0.1000
313.3000 1.0000 0.1000
313.4000 1.0000 0.1000
313.5000 1.0000 0.1000
313.6000 1.0000 0.1000
313.7000 1.0000 0.1000
313.8000 1.0000 0.1000
313.9000 1.0000 0.1000
314.0000 1.0000 0.1000
314.1000 1.0000 0.1000
314.2000 1.0000 0.1000
314.3000 1.0000 0.1000
314.4000 1.0000 0.1000
314.5000 1.0000 0.1000
314.6000 1.0000 0.1000
314.7000 1.0000 0.1000
314.8000 1.0000 0.1000
314.9000 1.0000 0.1000
315.0000 1.0000 0.1000
315.1000 0.0000 0.1000
315.2000 0.0000 0.1000
315.3000 0.0000 0.1000
315.4000 0.0000 0.1000
315.5000 0.0000 0.1000
315.6000 0.0000 0.1000
315.7000 0.0000 0.1000
315.8000 0.0000 0.1000
315.9000 0.0000 0.1000
316.0000 0.0000 0.1000
316.1000 0.0000 0.1000
316.2000 0.0000 0.1000
316.3000 0.0000 0.1000
316.4000 0.0000 0.1000
316.5000 0.0000 0.1000
316.6000 0.0000 0.1000
316.7000 0.0000 0.1000
316.8000 0.0000 0.1000
316.9000 0.0000 0.1000
317.0000 0.0000 0.1000
317.1000 0.0000 0.1000
317.2000 0.0000 0.1000
317.3000 0.0000 0.1000
317.4000 0.0000 0.1000
317.5000 0.0000 0.1000
317.6000 0.0000 0.1000
317.7000 0.0000 0.1000
317.8000 0.0000 0.1000
317.9000 0.0000 0.1000
318.0000 0.0000 0.1000
318.1000 0.0000 0.1000
318.2000 0.0000 0.1000
318.3000 0.0000 0.1000
318.4000 0.0000 0.1000
318.5000 0.0000 0.1000
318.6000 0.0000 0.1000
318.7000 0.0000 0.1000
318.8000 0.0000 0.1000
318.9000 0.0000 0.1000
319.0000 0.0000 0.1000
319.1000 0.0000 0.1000
319.2000 0.0000 0.1000
319.3000 0.0000 0.1000
319.4000 0.0000 0.1000
319.5000 0.0000 0.1000
319.6000 0.0000 0.1000
319.7000 0.0000 0.1000
319.8000 0.0000 0.1000
319.9000 0.0000 0.1000
320.0000 0.0000 0.1000
320.1000 0.0000 0.1000
320.2000 0.0000 0.1000
320.3000 0.0000 0.1000
320.4000 0.0000 0.1000
320.5000 0.0000 0.1000
320.6000 0.0000 0.1000
320.7000 0.0000 0.1000
320.8000 0.0000 0.1000
320.9000 0.0000 0.1000
321.0000 0.0000 0.1000
321.1000 0.0000 0.1000
321.2000 0.0000 0.1000
321.3000 0.0000 0.1000
321.4000 0.0000 0.1000
321.5000 0.0000 0.1000
321.6000 0.0000 0.1000
321.7000 0.0000 0.1000
321.8000 0.0000 0.1000
321.9000 0.0000 0.1000
322.0000 0.0000 0.1000
322.1000 0.0000 0.1000
322.2000 0.0000 0.1000
322.3000 0.0000 0.1000
322.4000 0.0000 0.1000
322.5000 0.0000 0.1000
322.6000 0.0000 0.1000
322.7000 0.0000 0.1000
322.8000 0.0000 0.1000
322.9000 0.0000 0.1000
323.0000 0.0000 0.1000
323.1000 0.0000 0.1000
323.2000 0.0000 0.1000
323.3000 0.0000 0.1000
323.4000 0.0000 0.1000
323.5000 0.0000 0.1000
323.6000 0.0000 0.1000
323.7000 0.0000 0.1000
323.8000 0.0000 0.1000
323.9000 0.0000 0.1000
324.0000 0.0000 0.1000
324.1000 0.0000 0.1000
324.2000 0.0000 0.1000
324.3000 0.0000 0.1000
324.4000 0.0000 0.1000
324.5000 0.0000 0.1000
324.6000 0.0000 0.1000
324.7000 0.0000 0.1000
324.8000 0.0000 0.1000
324.9000 0.0000 0.1000
325.0000 0.0000 0.1000
325.1000 0.0000 0.1000
325.2000 0.0000 0.1000
325.3000 0.0000 0.1000
325.4000 0.0000 0.1000
325.5000 0.0000 0.1000
325.6000 0.0000 0.1000
325.7000 0.0000 0.1000
325.8000 0.0000 0.1000
325.9000 0.0000 0.1000
326.0000 0.0000 0.1000
326.1000 0.0000 0.1000
326.2000 0.0000 0.1000
326.3000 0.0000 0.1000
326.4000 0.0000 0.1000
326.5000 0.0000 0.1000
326.6000 0.0000 0.1000
326.7000 0.0000 0.1000
326.8000 0.0000 0.1000
326.9000 0.0000 0.1000
327.0000 0.0000 0.1000
327.1000 0.0000 0.1000
327.2000 0.0000 0.1000
327.3000 0.0000 0.1000
327.4000 0.0000 0.1000
327.5000 0.0000 0.1000
327.6000 0.0000 0.1000
327.7000 0.0000 0.1000
327.8000 0.0000 0.1000
327.9000 0.0000 0.1000
328.0000 0.0000 0.1000
328.1000 0.0000 0.1000
328.2000 0.0000 0.1000
328.3000 0.0000 0.1000
328.4000 0.0000 0.1000
328.5000 0.0000 0.1000
328.6000 0.0000 0.1000
328.7000 0.0000 0.1000
328.8000 0.0000 0.1000
328.9000 0.0000 0.1000
329.0000 0.0000 0.1000
329.1000 0.0000 0.1000
329.2000 0.0000 0.1000
329.3000 0.0000 0.1000
329.4000 0.0000 0.1000
329.5000 0.0000 0.1000
329.6000 0.0000 0.1000
329.7000 0.0000 0.1000
329.8000 0.0000 0.1000
329.9000 0.0000 0.1000
330.0000 0.0000 0.1000
330.1000 0.0000 0.1000
330.2000 0.0000 0.1000
330.3000 0.0000 0.1000
330.4000 0.0000 0.1000
330.5000 0.0000 0.1000
330.6000 0.0000 0.1000
330.7000 0.0000 0.1000
330.8000 0.0000 0.1000
330.9000 0.0000 0.1000
331.0000 0.0000 0.1000
331.1000 0.0000 0.1000
331.2000 0.0000 0.1000
331.3000 0.0000 0.1000
331.4000 0.0000 0.1000
331.5000 0.0000 0.1000
331.6000 0.0000 0.1000
331.7000 0.0000 0.1000
331.8000 0.0000 0.1000
331.9000 0.0000 0.1000
332.0000 0.0000 0.1000
332.1000 0.0000 0.1000
332.2000 0.0000 0.1000
332.3000 0.0000 0.1000
332.4000 0.0000 0.1000
332.5000 0.0000 0.1000
332.6000 0.0000 0.1000
332.7000 0.0000 0.1000
332.8000 0.0000 0.1000
332.9000 0.0000 0.1000
333.0000 0.0000 0.1000
333.1000 0.0000 0.1000
333.2000 0.0000 0.1000
333.3000 0.0000 0.1000
333.4000 0.0000 0.1000
333.5000 0.0000 0.1000
333.6000 0.0000 0.1000
333.7000 0.0000 0.1000
333.8000 0.0000 0.1000
333.9000 0.0000 0.1000
334.0000 0.0000 0.1000
334.1000 0.0000 0.1000
334.2000 0.0000 0.1000
334.3000 0.0000 0.1000
334.4000 0.0000 0.1000
334.5000 0.0000 0.1000
334.6000 0.0000 0.1000
334.7000 0.0000 0.1000
334.8000 0.0000 0.1000
334.9000 0.0000 0.1000
335.0000 0.0000 0.1000
335.1000 0.0000 0.1000
335.2000 0.0000 0.1000
335.3000 0.0000 0.1000
335.4000 0.0000 0.1000
335.5000 0.0000 0.1000
335.6000 0.0000 0.1000
335.7000 0.0000 0.1000
335.8000 0.0000 0.1000
335.9000 0.0000 0.1000
336.0000 0.0000 0.1000
336.1000 0.0000 0.1000
336.2000 0.0000 0.1000
336.3000 0.0000 0.1000
336.4000 0.0000 0.1000
336.5000 0.0000 0.1000
336.6000 0.0000 0.1000
336.7000 0.0000 0.1000
336.8000 0.0000 0.1000
336.9000 0.0000 0.1000
337.0000 0.0000 0.1000
337.1000 0.0000 0.1000
337.2000 0.0000 0.1000
337.3000 0.0000 0.1000
337.4000 0.0000 0.1000
337.5000 0.0000 0.1000
337.6000 0.0000 0.1000
337.7000 0.0000 0.1000
337.8000 0.0000 0.1000
337.9000 0.0000 0.1000
338.0000 0.0000 0.1000
338.1000 0.0000 0.1000
338.2000 0.0000 0.1000
338.3000 0.0000 0.1000
338.4000 0.0000 0.1000
338.5000 0.0000 0.1000
338.6000 0.0000 0.1000
338.7000 0.0000 0.1000
338.8000 0.0000 0.1000
338.9000 0.0000 0.1000
339.0000 0.0000 0.1000
339.1000 0.0000 0.1000
339.2000 0.0000 0.1000
339.3000 0.0000 0.1000
339.4000 0.0000 0.1000
339.5000 0.0000 0.1000
339.6000 0.0000 0.1000
339.7000 0.0000 0.1000
339.8000 0.0000 0.1000
339.9000 0.0000 0.1000
340.0000 0.0000 0.1000
340.1000 0.0000 0.1000
340.2000 0.0000 0.1000
340.3000 0.0000 0.1000
340.4000 0.0000 0.1000
340.5000 0.0000 0.1000
340.6000 0.0000 0.1000
340.7000 0.0000 0.1000
340.8000 0.0000 0.1000
340.9000 0.0000 0.1000
341.0000 0.0000 0.1000
341.1000 0.0000 0.1000
341.2000 0.0000 0.1000
341.3000 0.0000 0.1000
341.4000 0.0000 0.1000
341.5000 0.0000 0.1000
341.6000 0.0000 0.1000
341.7000 0.0000 0.1000
341.8000 0.0000 0.1000
341.9000 0.0000 0.1000
342.0000 0.0000 0.1000
342.1000 0.0000 0.1000
342.2000 0.0000 0.1000
342.3000 0.0000 0.1000
342.4000 0.0000 0.1000
342.5000 0.0000 0.1000
342.6000 0.0000 0.1000
342.7000 0.0000 0.1000
342.8000 0.0000 0.1000
342.9000 0.0000 0.1000
343.0000 0.0000 0.1000
343.1000 0.0000 0.1000
343.2000 0.0000 0.1000
343.3000 0.0000 0.1000
343.4000 0.0000 0.1000
343.5000 0.0000 0.1000
343.6000 0.0000 0.1000
343.7000 0.0000 0.1000
343.8000 0.0000 0.1000
343.9000 0.0000 0.1000
344.0000 0.0000 0.1000
344.1000 0.0000 0.1000
344.2000 0.0000 0.1000
344.3000 0.0000 0.1000
344.4000 0.0000 0.1000
344.5000 0.0000 0.1000
344.6000 0.0000 0.1000
344.7000 0.0000 0.1000
344.8000 0.0000 0.1000
344.9000 0.0000 0.1000
345.0000 0.0000 0.1000
345.1000 0.0000 0.1000
345.2000 0.0000 0.1000
345.3000 0.0000 0.1000
345.4000 0.0000 0.1000
345.5000 0.0000 0.1000
345.6000 0.0000 0.1000
345.7000 0.0000 0.1000
345.8000 0.0000 0.1000
345.9000 0.0000 0.1000
346.0000 0.0000 0.1000
346.1000 0.0000 0.1000
346.2000 0.0000 0.1000
346.3000 0.0000 0.1000
346.4000 0.0000 0.1000
346.5000 0.0000 0.1000
