1.157407799999999867e+02 2.810300000000000020e-01
1.186342710000000125e+02 2.706100000000000172e-01
1.215277619999999956e+02 2.566800000000000193e-01
1.244212529999999930e+02 2.560400000000000453e-01
1.273147439999999762e+02 2.544999999999999485e-01
1.302082350000000019e+02 2.412699999999999845e-01
1.331017259999999851e+02 2.164700000000000513e-01
1.359952169999999967e+02 1.882899999999999574e-01
1.388887079999999798e+02 1.546600000000000197e-01
1.417821990000000199e+02 1.351900000000000324e-01
1.446756900000000030e+02 1.084600000000000009e-01
1.475691809999999862e+02 7.611000000000001098e-02
1.504626719999999693e+02 6.101999999999996316e-02
1.533561630000000093e+02 4.730999999999996319e-02
1.562496539999999925e+02 3.822000000000003173e-02
1.591431450000000041e+02 4.157999999999995033e-02
1.620366359999999872e+02 5.427000000000004043e-02
1.649301269999999988e+02 7.154000000000004800e-02
1.678236179999999820e+02 9.533000000000002583e-02
1.707171089999999936e+02 1.001199999999999868e-01
1.736105999999999767e+02 9.980999999999995431e-02
1.765040909999999883e+02 1.123199999999999754e-01
1.793975819999999999e+02 1.196399999999999686e-01
1.822910729999999830e+02 1.150200000000000111e-01
1.851845639999999946e+02 1.132800000000000473e-01
1.880780549999999778e+02 1.180200000000000138e-01
1.909715459999999894e+02 1.167200000000000459e-01
1.938650369999999725e+02 1.108200000000000296e-01
1.967585279999999841e+02 1.018900000000000361e-01
1.996520189999999957e+02 9.623000000000003773e-02
2.025455100000000073e+02 1.025399999999999645e-01
2.054390009999999904e+02 8.343999999999995865e-02
2.083324920000000020e+02 5.862999999999995993e-02
2.112259829999999852e+02 5.252999999999996561e-02
2.141194739999999967e+02 6.147000000000002462e-02
2.170129649999999799e+02 5.001999999999995339e-02
2.199064559999999915e+02 3.256999999999998785e-02
2.227999470000000031e+02 3.546000000000004704e-02
2.256934380000000147e+02 4.712000000000005073e-02
2.285869289999999694e+02 5.425000000000002043e-02
2.314804200000000094e+02 5.059000000000002384e-02
2.343739109999999926e+02 4.186000000000000831e-02
2.372674020000000041e+02 4.418999999999995154e-02
2.401608929999999873e+02 4.883000000000004004e-02
2.430543839999999989e+02 4.847000000000001307e-02
2.459478749999999820e+02 5.088000000000003631e-02
2.488413659999999652e+02 5.242999999999997662e-02
2.517348569999999768e+02 4.776000000000002466e-02
2.546283480000000168e+02 3.888999999999998014e-02
2.575218389999999999e+02 3.471000000000001862e-02
2.604153299999999831e+02 3.520000000000000906e-02
2.633101319999999532e+02 4.822999999999999510e-02
2.662036229999999932e+02 5.179000000000000270e-02
2.690971140000000332e+02 5.542999999999997929e-02
2.719906050000000164e+02 5.569999999999997176e-02
2.748840959999999995e+02 5.649999999999999467e-02
2.777775869999999827e+02 5.732999999999999208e-02
2.806710779999999659e+02 5.430000000000001492e-02
2.835645689999999490e+02 4.864999999999997105e-02
2.864580599999999322e+02 4.347000000000000863e-02
2.893515509999999722e+02 4.374999999999995559e-02
2.922450420000000122e+02 4.671999999999998376e-02
2.951385329999999954e+02 4.893999999999998352e-02
2.980320239999999785e+02 4.981000000000002093e-02
3.009255150000000185e+02 4.769000000000001016e-02
3.038190060000000017e+02 4.462999999999994749e-02
3.067124969999999848e+02 4.249999999999998224e-02
3.096059879999999680e+02 4.401999999999994806e-02
3.124994790000000080e+02 4.842000000000001858e-02
3.153929700000000480e+02 5.667999999999995264e-02
3.182864609999999743e+02 6.810000000000004938e-02
3.211799519999999575e+02 7.713999999999998636e-02
3.240734429999999975e+02 8.004000000000000004e-02
3.269669339999999806e+02 8.452999999999999403e-02
3.298604249999999638e+02 9.291000000000004810e-02
3.327539159999999470e+02 9.679999999999999716e-02
3.356474069999999301e+02 9.219999999999994866e-02
3.385408980000000270e+02 8.764000000000005119e-02
3.414343890000000101e+02 8.855999999999997208e-02
3.443278799999999933e+02 9.153000000000000025e-02
3.472213709999999764e+02 9.318000000000004057e-02
3.501148620000000165e+02 9.608000000000005425e-02
3.530083529999999996e+02 1.085700000000000554e-01
3.559018439999999828e+02 1.286899999999999711e-01
3.587953349999999659e+02 1.447899999999999743e-01
3.616888259999999491e+02 1.638500000000000512e-01
3.645823169999999891e+02 1.914900000000000491e-01
3.674758079999999723e+02 2.199900000000000189e-01
3.703692989999999554e+02 2.432499999999999662e-01
3.732627899999999954e+02 2.618599999999999817e-01
3.761562809999999786e+02 2.794299999999999562e-01
3.790497719999999617e+02 2.997499999999999609e-01
3.819432629999999449e+02 3.348200000000000065e-01
3.848367539999999849e+02 3.974600000000000355e-01
3.877302450000000249e+02 4.846599999999999797e-01
3.906237360000000081e+02 5.881899999999999906e-01
3.935172269999999912e+02 6.958199999999999941e-01
3.964107180000000312e+02 7.921500000000000208e-01
3.993042090000000144e+02 8.629799999999999693e-01
4.021976999999999407e+02 9.089399999999999702e-01
4.050911909999999239e+02 9.406299999999999661e-01
4.079846819999999639e+02 9.619299999999999518e-01
4.108781730000000039e+02 9.745300000000000074e-01
4.137716639999999870e+02 9.821600000000000330e-01
4.166651549999999702e+02 9.868099999999999650e-01
4.195586459999999533e+02 9.898799999999999821e-01
4.224521369999999933e+02 9.918099999999999694e-01
4.253456279999999765e+02 9.929599999999999538e-01
4.282391189999999597e+02 9.934100000000000152e-01
4.311326099999999997e+02 9.941400000000000237e-01
4.340261010000000397e+02 9.952900000000000080e-01
4.369195920000000228e+02 9.961400000000000254e-01
4.398130830000000060e+02 9.967899999999999539e-01
4.427065739999999323e+02 9.969299999999999828e-01
4.456000649999999723e+02 9.970900000000000318e-01
4.484935559999999555e+02 9.973699999999999788e-01
4.513870469999999386e+02 9.976099999999999968e-01
4.542805379999999218e+02 9.976800000000000113e-01
4.571740290000000186e+02 9.973800000000000443e-01
4.600675200000000018e+02 9.972299999999999498e-01
4.629610109999999850e+02 9.973999999999999533e-01
4.658545019999999681e+02 9.976899999999999658e-01
4.687479930000000081e+02 9.979700000000000237e-01
4.716414839999999913e+02 9.982100000000000417e-01
4.745349749999999744e+02 9.983600000000000252e-01
4.774284659999999576e+02 9.982499999999999707e-01
4.803219569999999976e+02 9.981999999999999762e-01
4.832154479999999808e+02 9.984499999999999487e-01
4.861089389999999071e+02 9.987599999999999811e-01
4.890024299999998902e+02 9.988700000000000356e-01
4.918959209999999302e+02 9.986300000000000177e-01
4.947894119999999702e+02 9.982600000000000362e-01
4.976829030000000103e+02 9.981999999999999762e-01
5.005763940000000503e+02 9.983499999999999597e-01
5.034698849999999766e+02 9.984100000000000197e-01
5.063633760000000166e+02 9.984499999999999487e-01
5.092568670000000566e+02 9.984499999999999487e-01
5.121503579999999829e+02 9.984600000000000142e-01
5.150438490000000229e+02 9.986099999999999977e-01
5.179373399999999492e+02 9.985500000000000487e-01
5.208308309999999892e+02 9.981600000000000472e-01
5.237243220000000292e+02 9.980700000000000127e-01
5.266178129999999555e+02 9.982699999999999907e-01
5.295113039999999955e+02 9.982900000000000107e-01
5.324047949999999219e+02 9.980900000000000327e-01
5.352982859999999619e+02 9.980799999999999672e-01
5.381917770000000019e+02 9.979000000000000092e-01
5.410852680000000419e+02 9.975199999999999623e-01
5.439787589999999682e+02 9.978599999999999692e-01
5.468722500000000082e+02 9.984199999999999742e-01
5.497657409999999345e+02 9.981999999999999762e-01
5.526592319999999745e+02 9.978700000000000347e-01
5.555527229999999008e+02 9.980400000000000382e-01
5.584462139999999408e+02 9.984300000000000397e-01
5.613397049999999808e+02 9.985000000000000542e-01
5.642331959999999071e+02 9.980900000000000327e-01
5.671266869999999471e+02 9.976699999999999458e-01
5.700201779999999872e+02 9.978200000000000403e-01
5.729136689999999135e+02 9.979999999999999982e-01
5.758071599999999535e+02 9.982199999999999962e-01
5.787006509999998798e+02 9.984800000000000342e-01
5.815941419999999198e+02 9.985399999999999832e-01
5.844876329999999598e+02 9.986000000000000432e-01
5.873811239999999998e+02 9.986399999999999721e-01
5.902746150000000398e+02 9.987500000000000266e-01
5.931681060000000798e+02 9.987800000000000011e-01
5.960615970000000061e+02 9.987300000000000066e-01
5.989550880000000461e+02 9.984300000000000397e-01
6.018485789999999724e+02 9.985800000000000232e-01
6.047420700000000124e+02 9.988299999999999956e-01
6.076355610000000524e+02 9.987000000000000322e-01
6.105290519999999788e+02 9.988799999999999901e-01
6.134225430000000188e+02 9.989799999999999791e-01
6.163160339999999451e+02 9.987700000000000466e-01
6.192095249999999851e+02 9.983899999999999997e-01
6.221030160000000251e+02 9.979200000000000292e-01
6.249965069999999514e+02 9.979700000000000237e-01
6.278899979999998777e+02 9.982299999999999507e-01
6.307834889999999177e+02 9.984699999999999687e-01
6.336769799999998440e+02 9.985699999999999577e-01
6.365704709999999977e+02 9.987399999999999611e-01
6.394639619999999240e+02 9.988799999999999901e-01
6.423574529999999640e+02 9.988700000000000356e-01
6.452509440000000041e+02 9.989599999999999591e-01
6.481444349999999304e+02 9.987500000000000266e-01
6.510379259999999704e+02 9.988299999999999956e-01
6.539314170000000104e+02 9.987500000000000266e-01
6.568249079999999367e+02 9.986800000000000122e-01
6.597183989999999767e+02 9.989299999999999846e-01
6.626118899999999030e+02 9.991100000000000536e-01
6.655053809999999430e+02 9.992199999999999971e-01
6.683988719999999830e+02 9.991200000000000081e-01
6.712923629999999093e+02 9.993400000000000061e-01
6.741858539999999493e+02 9.993100000000000316e-01
6.770793449999999893e+02 9.990999999999999881e-01
6.799728359999999157e+02 9.991999999999999771e-01
6.828663270000000693e+02 9.991700000000000026e-01
6.857598179999999957e+02 9.992600000000000371e-01
6.886533090000000357e+02 9.994800000000000351e-01
6.915468000000000757e+02 9.995100000000000096e-01
6.944402910000000020e+02 9.994699999999999696e-01
6.973337820000000420e+02 9.994699999999999696e-01
7.002272729999999683e+02 9.994499999999999496e-01
7.031207640000000083e+02 9.993499999999999606e-01
7.060142550000000483e+02 9.993699999999999806e-01
7.089077459999999746e+02 9.992600000000000371e-01
7.118012369999999009e+02 9.991299999999999626e-01
7.146947279999999409e+02 9.991900000000000226e-01
7.175882189999998673e+02 9.992299999999999516e-01
7.204817099999999073e+02 9.991900000000000226e-01
7.233752009999999473e+02 9.990799999999999681e-01
7.262686919999998736e+02 9.990999999999999881e-01
7.291621830000000273e+02 9.991200000000000081e-01
7.320556739999999536e+02 9.992799999999999461e-01
7.349491649999999936e+02 9.992799999999999461e-01
7.378426560000000336e+02 9.990099999999999536e-01
7.407361469999999599e+02 9.989400000000000501e-01
7.436296379999999999e+02 9.987000000000000322e-01
7.465231289999999262e+02 9.983300000000000507e-01
7.494166199999999662e+02 9.979900000000000437e-01
7.523101110000000062e+02 9.972999999999999643e-01
7.552036019999999326e+02 9.947099999999999831e-01
7.580970929999999726e+02 9.910200000000000120e-01
7.609905840000000126e+02 9.917399999999999549e-01
7.638840749999999389e+02 9.946800000000000086e-01
7.667775659999999789e+02 9.950700000000000101e-01
7.696710569999999052e+02 9.940499999999999892e-01
7.725645479999999452e+02 9.914500000000000535e-01
7.754580389999999852e+02 9.855300000000000171e-01
7.783515300000000252e+02 9.719200000000000061e-01
7.812450210000000652e+02 9.413700000000000401e-01
7.841385119999999915e+02 8.924199999999999910e-01
7.870320030000000315e+02 8.523600000000000065e-01
7.899254939999999579e+02 8.686300000000000132e-01
7.928189849999998842e+02 9.293500000000000094e-01
7.957124759999999242e+02 9.723500000000000476e-01
7.986059669999999642e+02 9.875800000000000134e-01
8.014994579999998905e+02 9.932600000000000318e-01
8.043929489999999305e+02 9.957500000000000240e-01
8.072864399999999705e+02 9.971400000000000263e-01
8.101799309999998968e+02 9.976599999999999913e-01
8.130734219999999368e+02 9.981499999999999817e-01
8.159669129999998631e+02 9.982600000000000362e-01
8.188604039999999031e+02 9.984100000000000197e-01
8.217538949999999431e+02 9.986800000000000122e-01
8.246473859999999831e+02 9.987500000000000266e-01
8.275408770000000231e+02 9.989200000000000301e-01
8.304343679999999495e+02 9.991700000000000026e-01
8.333278589999999895e+02 9.992699999999999916e-01
8.362213500000000295e+02 9.993600000000000261e-01
8.391148409999999558e+02 9.994399999999999951e-01
8.420083319999999958e+02 9.994800000000000351e-01
8.449018230000000358e+02 9.994699999999999696e-01
8.477953139999999621e+02 9.994499999999999496e-01
8.506888050000000021e+02 9.994899999999999896e-01
8.535822959999999284e+02 9.995500000000000496e-01
8.564757869999999684e+02 9.995500000000000496e-01
8.593692780000000084e+02 9.996000000000000441e-01
8.622627689999999347e+02 9.996000000000000441e-01
8.651562599999999748e+02 9.996199999999999530e-01
8.680497510000000148e+02 9.995399999999999840e-01
8.709432419999999411e+02 9.995100000000000096e-01
8.738367329999999811e+02 9.996599999999999930e-01
8.767302239999999074e+02 9.996699999999999475e-01
8.796237149999999474e+02 9.996399999999999730e-01
8.825172059999999874e+02 9.996599999999999930e-01
8.854106969999999137e+02 9.996300000000000185e-01
8.883041879999999537e+02 9.997000000000000330e-01
8.911976789999999937e+02 9.997200000000000530e-01
8.940911699999999200e+02 9.996599999999999930e-01
8.969846609999999600e+02 9.996199999999999530e-01
8.998781519999998864e+02 9.996199999999999530e-01
9.027716429999999264e+02 9.996500000000000385e-01
9.056651339999999664e+02 9.996199999999999530e-01
9.085586249999998927e+02 9.995600000000000041e-01
9.114521159999999327e+02 9.995199999999999640e-01
9.143456069999998590e+02 9.995800000000000241e-01
9.172390979999998990e+02 9.996699999999999475e-01
9.201325889999999390e+02 9.996300000000000185e-01
9.230260799999998653e+02 9.995500000000000496e-01
9.259195709999999053e+02 9.995699999999999585e-01
9.288130619999999453e+02 9.995399999999999840e-01
9.317065529999998716e+02 9.994899999999999896e-01
9.346000439999999116e+02 9.996099999999999985e-01
9.374935349999999517e+02 9.997099999999999875e-01
9.403870259999998780e+02 9.996800000000000130e-01
9.432805170000001453e+02 9.996399999999999730e-01
9.461740080000000717e+02 9.997700000000000475e-01
9.490674990000001117e+02 9.998399999999999510e-01
9.519609900000000380e+02 9.996599999999999930e-01
9.548544809999999643e+02 9.996099999999999985e-01
9.577479720000000043e+02 9.996099999999999985e-01
9.606414629999999306e+02 9.995699999999999585e-01
9.635349539999999706e+02 9.996599999999999930e-01
9.664284450000000106e+02 9.997800000000000020e-01
9.693219359999999369e+02 9.997300000000000075e-01
9.722154269999999769e+02 9.996300000000000185e-01
9.751089180000000169e+02 9.997099999999999875e-01
9.780024089999999433e+02 9.997800000000000020e-01
9.808958999999998696e+02 9.996800000000000130e-01
9.837893910000000233e+02 9.996399999999999730e-01
9.866828819999999496e+02 9.996300000000000185e-01
9.895763729999998759e+02 9.995899999999999785e-01
9.924698640000000296e+02 9.995899999999999785e-01
9.953633549999999559e+02 9.995399999999999840e-01
9.982568459999998822e+02 9.995399999999999840e-01
1.001150337000000036e+03 9.995199999999999640e-01
1.004043827999999962e+03 9.993800000000000461e-01
1.006937318999999889e+03 9.993600000000000261e-01
1.009830810000000042e+03 9.994600000000000151e-01
1.012724300999999969e+03 9.994899999999999896e-01
1.015617791999999895e+03 9.994199999999999751e-01
1.018511282999999821e+03 9.994899999999999896e-01
1.021404773999999975e+03 9.994699999999999696e-01
1.024298264999999901e+03 9.993400000000000061e-01
1.027191755999999714e+03 9.993900000000000006e-01
1.030085246999999981e+03 9.994800000000000351e-01
1.032978737999999794e+03 9.994199999999999751e-01
1.035872228999999834e+03 9.992100000000000426e-01
1.038765720000000101e+03 9.991900000000000226e-01
1.041659211000000141e+03 9.991100000000000536e-01
1.044552701999999954e+03 9.988799999999999901e-01
1.047446192999999994e+03 9.988000000000000211e-01
1.050339684000000034e+03 9.984899999999999887e-01
1.053233175000000074e+03 9.977700000000000458e-01
1.056126665999999886e+03 9.970499999999999918e-01
1.059020157000000154e+03 9.981799999999999562e-01
1.061913647999999966e+03 9.986599999999999921e-01
1.064807139000000006e+03 9.982900000000000107e-01
1.067700630000000046e+03 9.985699999999999577e-01
1.070594121000000086e+03 9.987500000000000266e-01
1.073487611999999899e+03 9.989000000000000101e-01
1.076381102999999939e+03 9.990200000000000191e-01
1.079274593999999979e+03 9.991100000000000536e-01
1.082168084999999792e+03 9.990200000000000191e-01
1.085061576000000059e+03 9.987700000000000466e-01
1.087955066999999872e+03 9.987300000000000066e-01
1.090848557999999912e+03 9.988599999999999701e-01
1.093742048999999952e+03 9.989599999999999591e-01
1.096635539999999992e+03 9.991299999999999626e-01
1.099529030999999804e+03 9.992999999999999661e-01
1.102422521999999844e+03 9.994199999999999751e-01
1.105316012999999884e+03 9.996300000000000185e-01
1.108209503999999924e+03 9.997700000000000475e-01
1.111102994999999737e+03 9.997899999999999565e-01
1.113996486000000004e+03 9.997300000000000075e-01
1.116889976999999817e+03 9.996899999999999675e-01
1.119783467999999857e+03 9.996699999999999475e-01
1.122676958999999897e+03 9.996000000000000441e-01
1.125570449999999937e+03 9.995800000000000241e-01
1.128463940999999750e+03 9.996399999999999730e-01
1.131357432000000017e+03 9.996800000000000130e-01
1.134250923000000057e+03 9.997000000000000330e-01
1.137144414000000097e+03 9.997599999999999820e-01
1.140037904999999910e+03 9.997899999999999565e-01
1.142931396000000177e+03 9.997399999999999620e-01
1.145824886999999990e+03 9.997200000000000530e-01
1.148718378000000030e+03 9.997200000000000530e-01
1.151611869000000070e+03 9.997500000000000275e-01
1.154505360000000110e+03 9.997000000000000330e-01
1.157398850999999922e+03 9.995899999999999785e-01
1.160292341999999962e+03 9.995500000000000496e-01
1.163185833000000002e+03 9.995199999999999640e-01
1.166079323999999815e+03 9.995199999999999640e-01
1.168972815000000082e+03 9.994699999999999696e-01
1.171866305999999895e+03 9.994199999999999751e-01
1.174759796999999935e+03 9.994600000000000151e-01
1.177653287999999975e+03 9.994600000000000151e-01
1.180546779000000015e+03 9.994399999999999951e-01
1.183440269999999828e+03 9.994699999999999696e-01
1.186333760999999868e+03 9.995300000000000296e-01
1.189227251999999908e+03 9.996599999999999930e-01
1.192120742999999948e+03 9.997300000000000075e-01
1.195014233999999760e+03 9.997099999999999875e-01
1.197907725000000028e+03 9.997899999999999565e-01
1.200801215999999840e+03 9.998399999999999510e-01
1.203694706999999880e+03 9.997399999999999620e-01
1.206588197999999920e+03 9.998299999999999965e-01
1.209481688999999960e+03 9.998799999999999910e-01
1.212375179999999773e+03 9.998200000000000420e-01
1.215268671000000040e+03 9.998000000000000220e-01
1.218162161999999853e+03 9.998200000000000420e-01
1.221055652999999893e+03 9.997899999999999565e-01
1.223949143999999706e+03 9.997000000000000330e-01
1.226842635000000200e+03 9.996899999999999675e-01
1.229736126000000013e+03 9.997399999999999620e-01
1.232629617000000053e+03 9.998299999999999965e-01
1.235523108000000093e+03 9.997500000000000275e-01
1.238416598999999906e+03 9.996699999999999475e-01
1.241310089999999946e+03 9.997099999999999875e-01
1.244203580999999986e+03 9.995800000000000241e-01
1.247097072000000026e+03 9.994699999999999696e-01
1.249990562999999838e+03 9.994600000000000151e-01
1.252884054000000106e+03 9.993699999999999806e-01
1.255777544999999918e+03 9.992499999999999716e-01
1.258671035999999958e+03 9.992199999999999971e-01
1.261564526999999998e+03 9.990700000000000136e-01
1.264458018000000038e+03 9.988000000000000211e-01
1.267351508999999851e+03 9.985899999999999777e-01
1.270244999999999891e+03 9.984600000000000142e-01
1.273138490999999931e+03 9.985199999999999632e-01
1.276031981999999971e+03 9.986399999999999721e-01
1.278925472999999783e+03 9.987899999999999556e-01
1.281818964000000051e+03 9.988500000000000156e-01
1.284712454999999864e+03 9.988299999999999956e-01
1.287605945999999904e+03 9.988899999999999446e-01
1.290499436999999944e+03 9.989299999999999846e-01
1.293392927999999984e+03 9.989400000000000501e-01
1.296286418999999796e+03 9.991499999999999826e-01
1.299179910000000064e+03 9.992900000000000116e-01
1.302073400999999876e+03 9.992699999999999916e-01
1.304966891999999916e+03 9.992100000000000426e-01
1.307860382999999729e+03 9.989799999999999791e-01
1.310753873999999996e+03 9.987000000000000322e-01
1.313647364999999809e+03 9.982699999999999907e-01
1.316540855999999849e+03 9.975500000000000478e-01
1.319434346999999889e+03 9.966599999999999904e-01
1.322327837999999929e+03 9.955100000000000060e-01
1.325221328999999969e+03 9.941699999999999982e-01
1.328114820000000009e+03 9.930200000000000138e-01
1.331008311000000049e+03 9.925399999999999778e-01
1.333901801999999861e+03 9.927599999999999758e-01
1.336795293000000129e+03 9.929700000000000193e-01
1.339688783999999941e+03 9.929900000000000393e-01
1.342582274999999981e+03 9.933100000000000263e-01
1.345475766000000021e+03 9.936399999999999677e-01
1.348369257000000061e+03 9.931600000000000428e-01
1.351262747999999874e+03 9.920099999999999474e-01
1.354156238999999914e+03 9.907099999999999795e-01
1.357049729999999954e+03 9.893499999999999517e-01
1.359943220999999994e+03 9.880600000000000493e-01
1.362836711999999807e+03 9.869799999999999685e-01
1.365730203000000074e+03 9.860900000000000221e-01
1.368623693999999887e+03 9.855699999999999461e-01
1.371517184999999927e+03 9.855300000000000171e-01
1.374410675999999967e+03 9.858200000000000296e-01
1.377304167000000007e+03 9.863800000000000345e-01
1.380197657999999819e+03 9.871499999999999719e-01
1.383091149000000087e+03 9.881900000000000128e-01
1.385984639999999899e+03 9.892999999999999572e-01
1.388878130999999939e+03 9.903499999999999526e-01
1.391771621999999752e+03 9.913199999999999790e-01
1.394665113000000019e+03 9.920200000000000129e-01
1.397558603999999832e+03 9.925300000000000233e-01
1.400452094999999872e+03 9.929799999999999738e-01
1.403345585999999912e+03 9.932299999999999462e-01
1.406239076999999952e+03 9.931999999999999718e-01
1.409132567999999765e+03 9.932499999999999662e-01
1.412026058999999805e+03 9.932299999999999462e-01
1.414919549999999845e+03 9.931499999999999773e-01
1.417813040999999885e+03 9.932199999999999918e-01
1.420706532000000152e+03 9.934800000000000297e-01
1.423600022999999965e+03 9.939299999999999802e-01
1.426493514000000005e+03 9.939599999999999547e-01
1.429387005000000045e+03 9.942800000000000527e-01
1.432280496000000085e+03 9.949900000000000411e-01
1.435173986999999897e+03 9.954300000000000370e-01
1.438067477999999937e+03 9.959999999999999964e-01
1.440960968999999977e+03 9.963899999999999979e-01
1.443854460000000017e+03 9.969500000000000028e-01
1.446747950999999830e+03 9.975100000000000078e-01
1.449641442000000097e+03 9.977399999999999602e-01
1.452534932999999910e+03 9.979799999999999782e-01
1.455428423999999950e+03 9.983199999999999852e-01
1.458321914999999990e+03 9.985899999999999777e-01
1.461215406000000030e+03 9.987000000000000322e-01
1.464108896999999843e+03 9.987500000000000266e-01
1.467002388000000110e+03 9.987800000000000011e-01
1.469895878999999923e+03 9.988599999999999701e-01
1.472789369999999963e+03 9.989500000000000046e-01
1.475682860999999775e+03 9.989999999999999991e-01
1.478576352000000043e+03 9.990499999999999936e-01
1.481469842999999855e+03 9.991400000000000281e-01
1.484363333999999895e+03 9.990799999999999681e-01
1.487256824999999935e+03 9.988599999999999701e-01
1.490150315999999748e+03 9.988299999999999956e-01
1.493043806999999788e+03 9.988099999999999756e-01
1.495937297999999828e+03 9.986599999999999921e-01
1.498830788999999868e+03 9.984800000000000342e-01
1.501724279999999681e+03 9.981600000000000472e-01
1.504617770999999948e+03 9.978299999999999947e-01
1.507511261999999761e+03 9.972299999999999498e-01
1.510404752999999801e+03 9.963499999999999579e-01
1.513298244000000068e+03 9.953300000000000480e-01
1.516191735000000108e+03 9.939599999999999547e-01
1.519085225999999921e+03 9.925100000000000033e-01
1.521978716999999961e+03 9.910700000000000065e-01
1.524872208000000001e+03 9.896500000000000297e-01
1.527765699000000041e+03 9.884600000000000053e-01
1.530659189999999853e+03 9.876500000000000279e-01
1.533552681000000121e+03 9.874199999999999644e-01
1.536446171999999933e+03 9.877000000000000224e-01
1.539339662999999973e+03 9.881499999999999728e-01
1.542233154000000013e+03 9.886300000000000088e-01
1.545126645000000053e+03 9.893399999999999972e-01
1.548020135999999866e+03 9.901999999999999691e-01
1.550913627000000133e+03 9.910799999999999610e-01
1.553807117999999946e+03 9.918299999999999894e-01
1.556700608999999986e+03 9.923800000000000399e-01
1.559594099999999798e+03 9.929000000000000048e-01
1.562487591000000066e+03 9.932699999999999863e-01
1.565381081999999878e+03 9.933899999999999952e-01
1.568274572999999918e+03 9.935199999999999587e-01
1.571168063999999958e+03 9.938399999999999457e-01
1.574061554999999771e+03 9.939099999999999602e-01
1.576955045999999811e+03 9.938200000000000367e-01
1.579848536999999851e+03 9.939500000000000002e-01
1.582742027999999891e+03 9.940999999999999837e-01
1.585635518999999704e+03 9.942499999999999671e-01
1.588529009999999971e+03 9.943400000000000016e-01
1.591422500999999784e+03 9.943899999999999961e-01
1.594315991999999824e+03 9.944300000000000361e-01
1.597209482999999864e+03 9.944800000000000306e-01
1.600102973999999904e+03 9.945599999999999996e-01
1.602996464999999716e+03 9.946399999999999686e-01
1.605889955999999984e+03 9.948900000000000521e-01
1.608783447000000024e+03 9.952499999999999680e-01
1.611676938000000064e+03 9.956099999999999950e-01
1.614570428999999876e+03 9.959400000000000475e-01
1.617463920000000144e+03 9.962299999999999489e-01
1.620357410999999956e+03 9.965199999999999614e-01
1.623250901999999996e+03 9.967899999999999539e-01
1.626144393000000036e+03 9.971100000000000518e-01
1.629037884000000076e+03 9.973899999999999988e-01
1.631931374999999889e+03 9.975600000000000023e-01
1.634824866000000156e+03 9.978099999999999747e-01
1.637718356999999969e+03 9.979599999999999582e-01
1.640611848000000009e+03 9.979700000000000237e-01
1.643505338999999822e+03 9.981299999999999617e-01
1.646398830000000089e+03 9.983199999999999852e-01
1.649292320999999902e+03 9.981600000000000472e-01
1.652185811999999942e+03 9.979500000000000037e-01
1.655079302999999982e+03 9.978500000000000147e-01
1.657972793999999794e+03 9.977000000000000313e-01
1.660866284999999834e+03 9.976699999999999458e-01
1.663759775999999874e+03 9.977399999999999602e-01
1.666653266999999914e+03 9.978099999999999747e-01
1.669546757999999727e+03 9.979700000000000237e-01
1.672440248999999994e+03 9.981499999999999817e-01
1.675333739999999807e+03 9.984199999999999742e-01
1.678227230999999847e+03 9.986000000000000432e-01
1.681120721999999887e+03 9.985300000000000287e-01
1.684014212999999927e+03 9.988200000000000411e-01
1.686907703999999740e+03 9.991200000000000081e-01
1.689801195000000007e+03 9.991400000000000281e-01
1.692694685999999820e+03 9.991400000000000281e-01
1.695588176999999860e+03 9.992699999999999916e-01
1.698481667999999672e+03 9.995199999999999640e-01
1.701375159000000167e+03 9.996099999999999985e-01
1.704268649999999980e+03 9.995399999999999840e-01
1.707162141000000020e+03 9.996000000000000441e-01
1.710055632000000060e+03 9.996300000000000185e-01
1.712949123000000100e+03 9.996599999999999930e-01
1.715842613999999912e+03 9.996500000000000385e-01
1.718736105000000180e+03 9.996199999999999530e-01
1.721629595999999992e+03 9.997200000000000530e-01
1.724523087000000032e+03 9.995699999999999585e-01
1.727416577999999845e+03 9.993900000000000006e-01
1.730310068999999885e+03 9.995199999999999640e-01
1.733203559999999925e+03 9.996699999999999475e-01
1.736097050999999738e+03 9.997500000000000275e-01
1.738990542000000005e+03 9.998799999999999910e-01
1.741884032999999818e+03 9.998599999999999710e-01
1.744777523999999858e+03 9.997200000000000530e-01
1.747671014999999898e+03 9.994600000000000151e-01
1.750564505999999938e+03 9.994100000000000206e-01
1.753457996999999750e+03 9.997800000000000020e-01
1.756351488000000018e+03 9.998799999999999910e-01
1.759244978999999830e+03 9.996500000000000385e-01
1.762138469999999870e+03 9.996000000000000441e-01
1.765031960999999910e+03 9.994499999999999496e-01
1.767925451999999950e+03 9.991999999999999771e-01
1.770818942999999763e+03 9.991600000000000481e-01
1.773712434000000030e+03 9.993999999999999551e-01
1.776605924999999843e+03 9.995300000000000296e-01
1.779499415999999883e+03 9.994499999999999496e-01
1.782392906999999695e+03 9.994300000000000406e-01
1.785286397999999963e+03 9.992499999999999716e-01
1.788179888999999775e+03 9.992199999999999971e-01
1.791073379999999815e+03 9.995199999999999640e-01
1.793966870999999855e+03 9.994300000000000406e-01
1.796860362000000123e+03 9.993400000000000061e-01
1.799753852999999935e+03 9.994499999999999496e-01
1.802647344000000203e+03 9.993800000000000461e-01
1.805540835000000015e+03 9.991900000000000226e-01
1.808434326000000056e+03 9.989999999999999991e-01
1.811327816999999868e+03 9.993100000000000316e-01
1.814221307999999908e+03 9.997399999999999620e-01
1.817114798999999948e+03 9.996800000000000130e-01
1.820008289999999761e+03 9.994899999999999896e-01
1.822901781000000028e+03 9.993400000000000061e-01
1.825795271999999613e+03 9.992999999999999661e-01
1.828688762999999881e+03 9.993499999999999606e-01
1.831582253999999693e+03 9.992600000000000371e-01
1.834475744999999961e+03 9.994800000000000351e-01
1.837369235999999546e+03 9.997200000000000530e-01
1.840262727000000041e+03 9.995600000000000041e-01
1.843156218000000081e+03 9.994699999999999696e-01
1.846049708999999893e+03 9.995500000000000496e-01
1.848943200000000161e+03 9.993800000000000461e-01
1.851836690999999973e+03 9.992400000000000171e-01
1.854730182000000013e+03 9.993300000000000516e-01
1.857623673000000053e+03 9.992499999999999716e-01
1.860517164000000093e+03 9.992900000000000116e-01
1.863410654999999906e+03 9.990900000000000336e-01
1.866304145999999946e+03 9.986699999999999466e-01
1.869197636999999986e+03 9.983300000000000507e-01
1.872091128000000026e+03 9.983199999999999852e-01
1.874984618999999839e+03 9.987800000000000011e-01
1.877878110000000106e+03 9.993999999999999551e-01
1.880771600999999919e+03 9.990999999999999881e-01
1.883665091999999959e+03 9.997500000000000275e-01
1.886558582999999999e+03 9.997800000000000020e-01
1.889452074000000039e+03 9.986599999999999921e-01
1.892345564999999851e+03 9.982199999999999962e-01
1.895239055999999891e+03 9.987800000000000011e-01
1.898132546999999931e+03 9.995399999999999840e-01
1.901026037999999971e+03 9.990400000000000391e-01
1.903919528999999784e+03 9.986300000000000177e-01
1.906813020000000051e+03 9.986699999999999466e-01
1.909706510999999637e+03 9.988200000000000411e-01
1.912600001999999904e+03 9.983400000000000052e-01
1.915493492999999717e+03 9.980400000000000382e-01
1.918386983999999984e+03 9.986000000000000432e-01
1.921280474999999569e+03 9.989000000000000101e-01
1.924173966000000064e+03 9.989299999999999846e-01
1.927067456999999649e+03 9.983100000000000307e-01
1.929960947999999917e+03 9.975000000000000533e-01
1.932854438999999729e+03 9.982900000000000107e-01
1.935747929999999997e+03 9.990499999999999936e-01
1.938641421000000037e+03 9.990499999999999936e-01
1.941534912000000077e+03 9.993600000000000261e-01
1.944428403000000117e+03 9.988099999999999756e-01
1.947321893999999929e+03 9.984600000000000142e-01
1.950215385000000197e+03 9.975699999999999568e-01
1.953108875999999782e+03 9.973100000000000298e-01
1.956002367000000049e+03 9.991799999999999571e-01
1.958895858000000089e+03 9.992999999999999661e-01
1.961789348999999902e+03 9.987599999999999811e-01
1.964682839999999942e+03 9.990400000000000391e-01
1.967576331000000209e+03 9.992299999999999516e-01
1.970469821999999795e+03 9.987300000000000066e-01
1.973363313000000062e+03 9.979200000000000292e-01
1.976256803999999875e+03 9.983800000000000452e-01
1.979150294999999915e+03 9.985100000000000087e-01
1.982043785999999727e+03 9.991200000000000081e-01
1.984937277000000222e+03 9.996000000000000441e-01
1.987830767999999580e+03 9.991299999999999626e-01
1.990724259000000075e+03 9.987800000000000011e-01
1.993617749999999887e+03 9.989000000000000101e-01
1.996511240999999927e+03 9.995199999999999640e-01
1.999404731999999740e+03 9.990599999999999481e-01
2.002298223000000235e+03 9.986699999999999466e-01
2.005191713999999592e+03 9.981900000000000217e-01
2.008085205000000087e+03 9.982900000000000107e-01
2.010978695999999445e+03 9.987500000000000266e-01
2.013872186999999940e+03 9.983600000000000252e-01
2.016765677999999753e+03 9.983699999999999797e-01
2.019659168999999793e+03 9.975300000000000278e-01
2.022552659999999605e+03 9.970299999999999718e-01
2.025446151000000100e+03 9.985600000000000032e-01
2.028339641999999458e+03 9.993900000000000006e-01
2.031233132999999953e+03 9.995000000000000551e-01
2.034126624000000220e+03 9.988099999999999756e-01
2.037020114999999805e+03 9.990900000000000336e-01
2.039913606000000073e+03 1.000000000000000000e+00
2.042807097000000113e+03 9.997800000000000020e-01
2.045700587999999925e+03 9.993300000000000516e-01
2.048594078999999965e+03 9.985899999999999777e-01
2.051487570000000233e+03 9.989200000000000301e-01
2.054381060999999590e+03 9.999700000000000255e-01
