27.0000 0.0000 0.1000
27.1000 0.0000 0.1000
27.2000 0.0000 0.1000
27.3000 0.0000 0.1000
27.4000 0.0000 0.1000
27.5000 0.0000 0.1000
27.6000 0.0000 0.1000
27.7000 0.0000 0.1000
27.8000 0.0000 0.1000
27.9000 0.0000 0.1000
28.0000 0.0000 0.1000
28.1000 0.0000 0.1000
28.2000 0.0000 0.1000
28.3000 0.0000 0.1000
28.4000 0.0000 0.1000
28.5000 0.0000 0.1000
28.6000 0.0000 0.1000
28.7000 0.0000 0.1000
28.8000 0.0000 0.1000
28.9000 0.0000 0.1000
29.0000 0.0000 0.1000
29.1000 0.0000 0.1000
29.2000 0.0000 0.1000
29.3000 0.0000 0.1000
29.4000 0.0000 0.1000
29.5000 0.0000 0.1000
29.6000 0.0000 0.1000
29.7000 0.0000 0.1000
29.8000 0.0000 0.1000
29.9000 0.0000 0.1000
30.0000 1.0000 0.1000
30.1000 1.0000 0.1000
30.2000 1.0000 0.1000
30.3000 1.0000 0.1000
30.4000 1.0000 0.1000
30.5000 1.0000 0.1000
30.6000 1.0000 0.1000
30.7000 1.0000 0.1000
30.8000 1.0000 0.1000
30.9000 1.0000 0.1000
31.0000 1.0000 0.1000
31.1000 1.0000 0.1000
31.2000 1.0000 0.1000
31.3000 1.0000 0.1000
31.4000 1.0000 0.1000
31.5000 1.0000 0.1000
31.6000 1.0000 0.1000
31.7000 1.0000 0.1000
31.8000 1.0000 0.1000
31.9000 1.0000 0.1000
32.0000 1.0000 0.1000
32.1000 1.0000 0.1000
32.2000 1.0000 0.1000
32.3000 1.0000 0.1000
32.4000 1.0000 0.1000
32.5000 1.0000 0.1000
32.6000 1.0000 0.1000
32.7000 1.0000 0.1000
32.8000 1.0000 0.1000
32.9000 1.0000 0.1000
33.0000 1.0000 0.1000
33.1000 1.0000 0.1000
33.2000 1.0000 0.1000
33.3000 1.0000 0.1000
33.4000 1.0000 0.1000
33.5000 1.0000 0.1000
33.6000 1.0000 0.1000
33.7000 1.0000 0.1000
33.8000 1.0000 0.1000
33.9000 1.0000 0.1000
34.0000 1.0000 0.1000
34.1000 1.0000 0.1000
34.2000 1.0000 0.1000
34.3000 1.0000 0.1000
34.4000 1.0000 0.1000
34.5000 1.0000 0.1000
34.6000 1.0000 0.1000
34.7000 1.0000 0.1000
34.8000 1.0000 0.1000
34.9000 1.0000 0.1000
35.0000 1.0000 0.1000
35.1000 1.0000 0.1000
35.2000 1.0000 0.1000
35.3000 1.0000 0.1000
35.4000 1.0000 0.1000
35.5000 1.0000 0.1000
35.6000 1.0000 0.1000
35.7000 1.0000 0.1000
35.8000 1.0000 0.1000
35.9000 1.0000 0.1000
36.0000 1.0000 0.1000
36.1000 1.0000 0.1000
36.2000 1.0000 0.1000
36.3000 1.0000 0.1000
36.4000 1.0000 0.1000
36.5000 1.0000 0.1000
36.6000 1.0000 0.1000
36.7000 1.0000 0.1000
36.8000 1.0000 0.1000
36.9000 1.0000 0.1000
37.0000 1.0000 0.1000
37.1000 1.0000 0.1000
37.2000 1.0000 0.1000
37.3000 1.0000 0.1000
37.4000 1.0000 0.1000
37.5000 1.0000 0.1000
37.6000 1.0000 0.1000
37.7000 1.0000 0.1000
37.8000 1.0000 0.1000
37.9000 1.0000 0.1000
38.0000 1.0000 0.1000
38.1000 1.0000 0.1000
38.2000 1.0000 0.1000
38.3000 1.0000 0.1000
38.4000 1.0000 0.1000
38.5000 1.0000 0.1000
38.6000 1.0000 0.1000
38.7000 1.0000 0.1000
38.8000 1.0000 0.1000
38.9000 1.0000 0.1000
39.0000 1.0000 0.1000
39.1000 1.0000 0.1000
39.2000 1.0000 0.1000
39.3000 1.0000 0.1000
39.4000 1.0000 0.1000
39.5000 1.0000 0.1000
39.6000 1.0000 0.1000
39.7000 1.0000 0.1000
39.8000 1.0000 0.1000
39.9000 1.0000 0.1000
40.0000 1.0000 0.1000
40.1000 1.0000 0.1000
40.2000 1.0000 0.1000
40.3000 1.0000 0.1000
40.4000 1.0000 0.1000
40.5000 1.0000 0.1000
40.6000 1.0000 0.1000
40.7000 1.0000 0.1000
40.8000 1.0000 0.1000
40.9000 1.0000 0.1000
41.0000 1.0000 0.1000
41.1000 1.0000 0.1000
41.2000 1.0000 0.1000
41.3000 1.0000 0.1000
41.4000 1.0000 0.1000
41.5000 1.0000 0.1000
41.6000 1.0000 0.1000
41.7000 1.0000 0.1000
41.8000 1.0000 0.1000
41.9000 1.0000 0.1000
42.0000 1.0000 0.1000
42.1000 1.0000 0.1000
42.2000 1.0000 0.1000
42.3000 1.0000 0.1000
42.4000 1.0000 0.1000
42.5000 1.0000 0.1000
42.6000 1.0000 0.1000
42.7000 1.0000 0.1000
42.8000 1.0000 0.1000
42.9000 1.0000 0.1000
43.0000 1.0000 0.1000
43.1000 1.0000 0.1000
43.2000 1.0000 0.1000
43.3000 1.0000 0.1000
43.4000 1.0000 0.1000
43.5000 1.0000 0.1000
43.6000 1.0000 0.1000
43.7000 1.0000 0.1000
43.8000 1.0000 0.1000
43.9000 1.0000 0.1000
44.0000 1.0000 0.1000
44.1000 1.0000 0.1000
44.2000 1.0000 0.1000
44.3000 1.0000 0.1000
44.4000 1.0000 0.1000
44.5000 1.0000 0.1000
44.6000 1.0000 0.1000
44.7000 1.0000 0.1000
44.8000 1.0000 0.1000
44.9000 1.0000 0.1000
45.0000 1.0000 0.1000
45.1000 1.0000 0.1000
45.2000 1.0000 0.1000
45.3000 1.0000 0.1000
45.4000 1.0000 0.1000
45.5000 1.0000 0.1000
45.6000 1.0000 0.1000
45.7000 1.0000 0.1000
45.8000 1.0000 0.1000
45.9000 1.0000 0.1000
46.0000 1.0000 0.1000
46.1000 1.0000 0.1000
46.2000 1.0000 0.1000
46.3000 1.0000 0.1000
46.4000 1.0000 0.1000
46.5000 1.0000 0.1000
46.6000 1.0000 0.1000
46.7000 1.0000 0.1000
46.8000 1.0000 0.1000
46.9000 1.0000 0.1000
47.0000 1.0000 0.1000
47.1000 1.0000 0.1000
47.2000 1.0000 0.1000
47.3000 1.0000 0.1000
47.4000 1.0000 0.1000
47.5000 1.0000 0.1000
47.6000 0.0000 0.1000
47.7000 0.0000 0.1000
47.8000 0.0000 0.1000
47.9000 0.0000 0.1000
48.0000 0.0000 0.1000
48.1000 0.0000 0.1000
48.2000 0.0000 0.1000
48.3000 0.0000 0.1000
48.4000 0.0000 0.1000
48.5000 0.0000 0.1000
48.6000 0.0000 0.1000
48.7000 0.0000 0.1000
48.8000 0.0000 0.1000
48.9000 0.0000 0.1000
49.0000 0.0000 0.1000
49.1000 0.0000 0.1000
49.2000 0.0000 0.1000
49.3000 0.0000 0.1000
49.4000 0.0000 0.1000
49.5000 0.0000 0.1000
49.6000 0.0000 0.1000
49.7000 0.0000 0.1000
49.8000 0.0000 0.1000
49.9000 0.0000 0.1000
50.0000 0.0000 0.1000
50.1000 0.0000 0.1000
50.2000 0.0000 0.1000
50.3000 0.0000 0.1000
50.4000 0.0000 0.1000
50.5000 0.0000 0.1000
50.6000 0.0000 0.1000
50.7000 0.0000 0.1000
50.8000 0.0000 0.1000
50.9000 0.0000 0.1000
51.0000 0.0000 0.1000
51.1000 0.0000 0.1000
51.2000 0.0000 0.1000
51.3000 0.0000 0.1000
51.4000 0.0000 0.1000
51.5000 0.0000 0.1000
51.6000 0.0000 0.1000
51.7000 0.0000 0.1000
51.8000 0.0000 0.1000
51.9000 0.0000 0.1000
52.0000 0.0000 0.1000
52.1000 0.0000 0.1000
52.2000 0.0000 0.1000
