69.3000 0.0000 0.1000
69.4000 0.0000 0.1000
69.5000 0.0000 0.1000
69.6000 0.0000 0.1000
69.7000 0.0000 0.1000
69.8000 0.0000 0.1000
69.9000 0.0000 0.1000
70.0000 0.0000 0.1000
70.1000 0.0000 0.1000
70.2000 0.0000 0.1000
70.3000 0.0000 0.1000
70.4000 0.0000 0.1000
70.5000 0.0000 0.1000
70.6000 0.0000 0.1000
70.7000 0.0000 0.1000
70.8000 0.0000 0.1000
70.9000 0.0000 0.1000
71.0000 0.0000 0.1000
71.1000 0.0000 0.1000
71.2000 0.0000 0.1000
71.3000 0.0000 0.1000
71.4000 0.0000 0.1000
71.5000 0.0000 0.1000
71.6000 0.0000 0.1000
71.7000 0.0000 0.1000
71.8000 0.0000 0.1000
71.9000 0.0000 0.1000
72.0000 0.0000 0.1000
72.1000 0.0000 0.1000
72.2000 0.0000 0.1000
72.3000 0.0000 0.1000
72.4000 0.0000 0.1000
72.5000 0.0000 0.1000
72.6000 0.0000 0.1000
72.7000 0.0000 0.1000
72.8000 0.0000 0.1000
72.9000 0.0000 0.1000
73.0000 0.0000 0.1000
73.1000 0.0000 0.1000
73.2000 0.0000 0.1000
73.3000 0.0000 0.1000
73.4000 0.0000 0.1000
73.5000 0.0000 0.1000
73.6000 0.0000 0.1000
73.7000 0.0000 0.1000
73.8000 0.0000 0.1000
73.9000 0.0000 0.1000
74.0000 0.0000 0.1000
74.1000 0.0000 0.1000
74.2000 0.0000 0.1000
74.3000 0.0000 0.1000
74.4000 0.0000 0.1000
74.5000 0.0000 0.1000
74.6000 0.0000 0.1000
74.7000 0.0000 0.1000
74.8000 0.0000 0.1000
74.9000 0.0000 0.1000
75.0000 0.0000 0.1000
75.1000 0.0000 0.1000
75.2000 0.0000 0.1000
75.3000 0.0000 0.1000
75.4000 0.0000 0.1000
75.5000 0.0000 0.1000
75.6000 0.0000 0.1000
75.7000 0.0000 0.1000
75.8000 0.0000 0.1000
75.9000 0.0000 0.1000
76.0000 0.0000 0.1000
76.1000 0.0000 0.1000
76.2000 0.0000 0.1000
76.3000 0.0000 0.1000
76.4000 0.0000 0.1000
76.5000 0.0000 0.1000
76.6000 0.0000 0.1000
76.7000 0.0000 0.1000
76.8000 0.0000 0.1000
76.9000 0.0000 0.1000
77.0000 1.0000 0.1000
77.1000 1.0000 0.1000
77.2000 1.0000 0.1000
77.3000 1.0000 0.1000
77.4000 1.0000 0.1000
77.5000 1.0000 0.1000
77.6000 1.0000 0.1000
77.7000 1.0000 0.1000
77.8000 1.0000 0.1000
77.9000 1.0000 0.1000
78.0000 1.0000 0.1000
78.1000 1.0000 0.1000
78.2000 1.0000 0.1000
78.3000 1.0000 0.1000
78.4000 1.0000 0.1000
78.5000 1.0000 0.1000
78.6000 1.0000 0.1000
78.7000 1.0000 0.1000
78.8000 1.0000 0.1000
78.9000 1.0000 0.1000
79.0000 1.0000 0.1000
79.1000 1.0000 0.1000
79.2000 1.0000 0.1000
79.3000 1.0000 0.1000
79.4000 1.0000 0.1000
79.5000 1.0000 0.1000
79.6000 1.0000 0.1000
79.7000 1.0000 0.1000
79.8000 1.0000 0.1000
79.9000 1.0000 0.1000
80.0000 1.0000 0.1000
80.1000 1.0000 0.1000
80.2000 1.0000 0.1000
80.3000 1.0000 0.1000
80.4000 1.0000 0.1000
80.5000 1.0000 0.1000
80.6000 1.0000 0.1000
80.7000 1.0000 0.1000
80.8000 1.0000 0.1000
80.9000 1.0000 0.1000
81.0000 1.0000 0.1000
81.1000 1.0000 0.1000
81.2000 1.0000 0.1000
81.3000 1.0000 0.1000
81.4000 1.0000 0.1000
81.5000 1.0000 0.1000
81.6000 1.0000 0.1000
81.7000 1.0000 0.1000
81.8000 1.0000 0.1000
81.9000 1.0000 0.1000
82.0000 1.0000 0.1000
82.1000 1.0000 0.1000
82.2000 1.0000 0.1000
82.3000 1.0000 0.1000
82.4000 1.0000 0.1000
82.5000 1.0000 0.1000
82.6000 1.0000 0.1000
82.7000 1.0000 0.1000
82.8000 1.0000 0.1000
82.9000 1.0000 0.1000
83.0000 1.0000 0.1000
83.1000 1.0000 0.1000
83.2000 1.0000 0.1000
83.3000 1.0000 0.1000
83.4000 1.0000 0.1000
83.5000 1.0000 0.1000
83.6000 1.0000 0.1000
83.7000 1.0000 0.1000
83.8000 1.0000 0.1000
83.9000 1.0000 0.1000
84.0000 1.0000 0.1000
84.1000 1.0000 0.1000
84.2000 1.0000 0.1000
84.3000 1.0000 0.1000
84.4000 1.0000 0.1000
84.5000 1.0000 0.1000
84.6000 1.0000 0.1000
84.7000 1.0000 0.1000
84.8000 1.0000 0.1000
84.9000 1.0000 0.1000
85.0000 1.0000 0.1000
85.1000 1.0000 0.1000
85.2000 1.0000 0.1000
85.3000 1.0000 0.1000
85.4000 1.0000 0.1000
85.5000 1.0000 0.1000
85.6000 1.0000 0.1000
85.7000 1.0000 0.1000
85.8000 1.0000 0.1000
85.9000 1.0000 0.1000
86.0000 1.0000 0.1000
86.1000 1.0000 0.1000
86.2000 1.0000 0.1000
86.3000 1.0000 0.1000
86.4000 1.0000 0.1000
86.5000 1.0000 0.1000
86.6000 1.0000 0.1000
86.7000 1.0000 0.1000
86.8000 1.0000 0.1000
86.9000 1.0000 0.1000
87.0000 1.0000 0.1000
87.1000 1.0000 0.1000
87.2000 1.0000 0.1000
87.3000 1.0000 0.1000
87.4000 1.0000 0.1000
87.5000 1.0000 0.1000
87.6000 1.0000 0.1000
87.7000 1.0000 0.1000
87.8000 1.0000 0.1000
87.9000 1.0000 0.1000
88.0000 1.0000 0.1000
88.1000 1.0000 0.1000
88.2000 1.0000 0.1000
88.3000 1.0000 0.1000
88.4000 1.0000 0.1000
88.5000 1.0000 0.1000
88.6000 1.0000 0.1000
88.7000 1.0000 0.1000
88.8000 1.0000 0.1000
88.9000 1.0000 0.1000
89.0000 1.0000 0.1000
89.1000 1.0000 0.1000
89.2000 1.0000 0.1000
89.3000 1.0000 0.1000
89.4000 1.0000 0.1000
89.5000 1.0000 0.1000
89.6000 1.0000 0.1000
89.7000 1.0000 0.1000
89.8000 1.0000 0.1000
89.9000 1.0000 0.1000
90.0000 1.0000 0.1000
90.1000 1.0000 0.1000
90.2000 1.0000 0.1000
90.3000 1.0000 0.1000
90.4000 1.0000 0.1000
90.5000 1.0000 0.1000
90.6000 1.0000 0.1000
90.7000 1.0000 0.1000
90.8000 1.0000 0.1000
90.9000 1.0000 0.1000
91.0000 1.0000 0.1000
91.1000 1.0000 0.1000
91.2000 1.0000 0.1000
91.3000 1.0000 0.1000
91.4000 1.0000 0.1000
91.5000 1.0000 0.1000
91.6000 1.0000 0.1000
91.7000 1.0000 0.1000
91.8000 1.0000 0.1000
91.9000 1.0000 0.1000
92.0000 1.0000 0.1000
92.1000 1.0000 0.1000
92.2000 1.0000 0.1000
92.3000 1.0000 0.1000
92.4000 1.0000 0.1000
92.5000 1.0000 0.1000
92.6000 1.0000 0.1000
92.7000 1.0000 0.1000
92.8000 1.0000 0.1000
92.9000 1.0000 0.1000
93.0000 1.0000 0.1000
93.1000 1.0000 0.1000
93.2000 1.0000 0.1000
93.3000 1.0000 0.1000
93.4000 1.0000 0.1000
93.5000 1.0000 0.1000
93.6000 1.0000 0.1000
93.7000 1.0000 0.1000
93.8000 1.0000 0.1000
93.9000 1.0000 0.1000
94.0000 1.0000 0.1000
94.1000 1.0000 0.1000
94.2000 1.0000 0.1000
94.3000 1.0000 0.1000
94.4000 1.0000 0.1000
94.5000 1.0000 0.1000
94.6000 1.0000 0.1000
94.7000 1.0000 0.1000
94.8000 1.0000 0.1000
94.9000 1.0000 0.1000
95.0000 1.0000 0.1000
95.1000 1.0000 0.1000
95.2000 1.0000 0.1000
95.3000 1.0000 0.1000
95.4000 1.0000 0.1000
95.5000 1.0000 0.1000
95.6000 1.0000 0.1000
95.7000 1.0000 0.1000
95.8000 1.0000 0.1000
95.9000 1.0000 0.1000
96.0000 1.0000 0.1000
96.1000 1.0000 0.1000
96.2000 1.0000 0.1000
96.3000 1.0000 0.1000
96.4000 1.0000 0.1000
96.5000 1.0000 0.1000
96.6000 1.0000 0.1000
96.7000 1.0000 0.1000
96.8000 1.0000 0.1000
96.9000 1.0000 0.1000
97.0000 1.0000 0.1000
97.1000 1.0000 0.1000
97.2000 1.0000 0.1000
97.3000 1.0000 0.1000
97.4000 1.0000 0.1000
97.5000 1.0000 0.1000
97.6000 1.0000 0.1000
97.7000 1.0000 0.1000
97.8000 1.0000 0.1000
97.9000 1.0000 0.1000
98.0000 1.0000 0.1000
98.1000 1.0000 0.1000
98.2000 1.0000 0.1000
98.3000 1.0000 0.1000
98.4000 1.0000 0.1000
98.5000 1.0000 0.1000
98.6000 1.0000 0.1000
98.7000 1.0000 0.1000
98.8000 1.0000 0.1000
98.9000 1.0000 0.1000
99.0000 1.0000 0.1000
99.1000 1.0000 0.1000
99.2000 1.0000 0.1000
99.3000 1.0000 0.1000
99.4000 1.0000 0.1000
99.5000 1.0000 0.1000
99.6000 1.0000 0.1000
99.7000 1.0000 0.1000
99.8000 1.0000 0.1000
99.9000 1.0000 0.1000
100.0000 1.0000 0.1000
100.1000 1.0000 0.1000
100.2000 1.0000 0.1000
100.3000 1.0000 0.1000
100.4000 1.0000 0.1000
100.5000 1.0000 0.1000
100.6000 1.0000 0.1000
100.7000 1.0000 0.1000
100.8000 1.0000 0.1000
100.9000 1.0000 0.1000
101.0000 1.0000 0.1000
101.1000 1.0000 0.1000
101.2000 1.0000 0.1000
101.3000 1.0000 0.1000
101.4000 1.0000 0.1000
101.5000 1.0000 0.1000
101.6000 1.0000 0.1000
101.7000 1.0000 0.1000
101.8000 1.0000 0.1000
101.9000 1.0000 0.1000
102.0000 1.0000 0.1000
102.1000 1.0000 0.1000
102.2000 1.0000 0.1000
102.3000 1.0000 0.1000
102.4000 1.0000 0.1000
102.5000 1.0000 0.1000
102.6000 1.0000 0.1000
102.7000 1.0000 0.1000
102.8000 1.0000 0.1000
102.9000 1.0000 0.1000
103.0000 1.0000 0.1000
103.1000 1.0000 0.1000
103.2000 1.0000 0.1000
103.3000 1.0000 0.1000
103.4000 1.0000 0.1000
103.5000 1.0000 0.1000
103.6000 1.0000 0.1000
103.7000 1.0000 0.1000
103.8000 1.0000 0.1000
103.9000 1.0000 0.1000
104.0000 1.0000 0.1000
104.1000 1.0000 0.1000
104.2000 1.0000 0.1000
104.3000 1.0000 0.1000
104.4000 1.0000 0.1000
104.5000 1.0000 0.1000
104.6000 1.0000 0.1000
104.7000 1.0000 0.1000
104.8000 1.0000 0.1000
104.9000 1.0000 0.1000
105.0000 1.0000 0.1000
105.1000 1.0000 0.1000
105.2000 1.0000 0.1000
105.3000 1.0000 0.1000
105.4000 1.0000 0.1000
105.5000 1.0000 0.1000
105.6000 1.0000 0.1000
105.7000 1.0000 0.1000
105.8000 1.0000 0.1000
105.9000 1.0000 0.1000
106.0000 1.0000 0.1000
106.1000 0.0000 0.1000
106.2000 0.0000 0.1000
106.3000 0.0000 0.1000
106.4000 0.0000 0.1000
106.5000 0.0000 0.1000
106.6000 0.0000 0.1000
106.7000 0.0000 0.1000
106.8000 0.0000 0.1000
106.9000 0.0000 0.1000
107.0000 0.0000 0.1000
107.1000 0.0000 0.1000
107.2000 0.0000 0.1000
107.3000 0.0000 0.1000
107.4000 0.0000 0.1000
107.5000 0.0000 0.1000
107.6000 0.0000 0.1000
107.7000 0.0000 0.1000
107.8000 0.0000 0.1000
107.9000 0.0000 0.1000
108.0000 0.0000 0.1000
108.1000 0.0000 0.1000
108.2000 0.0000 0.1000
108.3000 0.0000 0.1000
108.4000 0.0000 0.1000
108.5000 0.0000 0.1000
108.6000 0.0000 0.1000
108.7000 0.0000 0.1000
108.8000 0.0000 0.1000
108.9000 0.0000 0.1000
109.0000 0.0000 0.1000
109.1000 0.0000 0.1000
109.2000 0.0000 0.1000
109.3000 0.0000 0.1000
109.4000 0.0000 0.1000
109.5000 0.0000 0.1000
109.6000 0.0000 0.1000
109.7000 0.0000 0.1000
109.8000 0.0000 0.1000
109.9000 0.0000 0.1000
110.0000 0.0000 0.1000
110.1000 0.0000 0.1000
110.2000 0.0000 0.1000
110.3000 0.0000 0.1000
110.4000 0.0000 0.1000
110.5000 0.0000 0.1000
110.6000 0.0000 0.1000
110.7000 0.0000 0.1000
110.8000 0.0000 0.1000
110.9000 0.0000 0.1000
111.0000 0.0000 0.1000
111.1000 0.0000 0.1000
111.2000 0.0000 0.1000
111.3000 0.0000 0.1000
111.4000 0.0000 0.1000
111.5000 0.0000 0.1000
111.6000 0.0000 0.1000
111.7000 0.0000 0.1000
111.8000 0.0000 0.1000
111.9000 0.0000 0.1000
112.0000 0.0000 0.1000
112.1000 0.0000 0.1000
112.2000 0.0000 0.1000
112.3000 0.0000 0.1000
112.4000 0.0000 0.1000
112.5000 0.0000 0.1000
112.6000 0.0000 0.1000
112.7000 0.0000 0.1000
112.8000 0.0000 0.1000
112.9000 0.0000 0.1000
113.0000 0.0000 0.1000
113.1000 0.0000 0.1000
113.2000 0.0000 0.1000
113.3000 0.0000 0.1000
113.4000 0.0000 0.1000
113.5000 0.0000 0.1000
113.6000 0.0000 0.1000
113.7000 0.0000 0.1000
113.8000 0.0000 0.1000
113.9000 0.0000 0.1000
114.0000 0.0000 0.1000
114.1000 0.0000 0.1000
114.2000 0.0000 0.1000
114.3000 0.0000 0.1000
114.4000 0.0000 0.1000
114.5000 0.0000 0.1000
114.6000 0.0000 0.1000
114.7000 0.0000 0.1000
114.8000 0.0000 0.1000
114.9000 0.0000 0.1000
115.0000 0.0000 0.1000
115.1000 0.0000 0.1000
115.2000 0.0000 0.1000
115.3000 0.0000 0.1000
115.4000 0.0000 0.1000
115.5000 0.0000 0.1000
115.6000 0.0000 0.1000
115.7000 0.0000 0.1000
115.8000 0.0000 0.1000
115.9000 0.0000 0.1000
116.0000 0.0000 0.1000
116.1000 0.0000 0.1000
116.2000 0.0000 0.1000
116.3000 0.0000 0.1000
116.4000 0.0000 0.1000
116.5000 0.0000 0.1000
