69.3000 0.0000 0.0000
69.3200 0.0000 0.0000
69.3400 0.0000 0.0000
69.3600 0.0000 0.0000
69.3800 0.0000 0.0000
69.4000 0.0000 0.0000
69.4200 0.0000 0.0000
69.4400 0.0000 0.0000
69.4600 0.0000 0.0000
69.4800 0.0000 0.0000
69.5000 0.0000 0.0000
69.5200 0.0000 0.0000
69.5400 0.0000 0.0000
69.5600 0.0000 0.0000
69.5800 0.0000 0.0000
69.6000 0.0000 0.0000
69.6200 0.0000 0.0000
69.6400 0.0000 0.0000
69.6600 0.0000 0.0000
69.6800 0.0000 0.0000
69.7000 0.0000 0.0000
69.7200 0.0000 0.0000
69.7400 0.0000 0.0000
69.7600 0.0000 0.0000
69.7800 0.0000 0.0000
69.8000 0.0000 0.0000
69.8200 0.0000 0.0000
69.8400 0.0000 0.0000
69.8600 0.0000 0.0000
69.8800 0.0000 0.0000
69.9000 0.0000 0.0000
69.9200 0.0000 0.0000
69.9400 0.0000 0.0000
69.9600 0.0000 0.0000
69.9800 0.0000 0.0000
70.0000 0.0000 0.0000
70.0200 0.0000 0.0000
70.0400 0.0000 0.0000
70.0600 0.0000 0.0000
70.0800 0.0000 0.0000
70.1000 0.0000 0.0000
70.1200 0.0000 0.0000
70.1400 0.0000 0.0000
70.1600 0.0000 0.0000
70.1800 0.0000 0.0000
70.2000 0.0000 0.0000
70.2200 0.0000 0.0000
70.2400 0.0000 0.0000
70.2600 0.0000 0.0000
70.2800 0.0000 0.0000
70.3000 0.0000 0.0000
70.3200 0.0000 0.0000
70.3400 0.0000 0.0000
70.3600 0.0000 0.0000
70.3800 0.0000 0.0000
70.4000 0.0000 0.0000
70.4200 0.0000 0.0000
70.4400 0.0000 0.0000
70.4600 0.0000 0.0000
70.4800 0.0000 0.0000
70.5000 0.0000 0.0000
70.5200 0.0000 0.0000
70.5400 0.0000 0.0000
70.5600 0.0000 0.0000
70.5800 0.0000 0.0000
70.6000 0.0000 0.0000
70.6200 0.0000 0.0000
70.6400 0.0000 0.0000
70.6600 0.0000 0.0000
70.6800 0.0000 0.0000
70.7000 0.0000 0.0000
70.7200 0.0000 0.0000
70.7400 0.0000 0.0000
70.7600 0.0000 0.0000
70.7800 0.0000 0.0000
70.8000 0.0000 0.0000
70.8200 0.0000 0.0000
70.8400 0.0000 0.0000
70.8600 0.0000 0.0000
70.8800 0.0000 0.0000
70.9000 0.0000 0.0000
70.9200 0.0000 0.0000
70.9400 0.0000 0.0000
70.9600 0.0000 0.0000
70.9800 0.0000 0.0000
71.0000 0.0000 0.0000
71.0200 0.0000 0.0000
71.0400 0.0000 0.0000
71.0600 0.0000 0.0000
71.0800 0.0000 0.0000
71.1000 0.0000 0.0000
71.1200 0.0000 0.0000
71.1400 0.0000 0.0000
71.1600 0.0000 0.0000
71.1800 0.0000 0.0000
71.2000 0.0000 0.0000
71.2200 0.0000 0.0000
71.2400 0.0000 0.0000
71.2600 0.0000 0.0000
71.2800 0.0000 0.0000
71.3000 0.0000 0.0000
71.3200 0.0000 0.0000
71.3400 0.0000 0.0000
71.3600 0.0000 0.0000
71.3800 0.0000 0.0000
71.4000 0.0000 0.0000
71.4200 0.0000 0.0000
71.4400 0.0000 0.0000
71.4600 0.0000 0.0000
71.4800 0.0000 0.0000
71.5000 0.0000 0.0000
71.5200 0.0000 0.0000
71.5400 0.0000 0.0000
71.5600 0.0000 0.0000
71.5800 0.0000 0.0000
71.6000 0.0000 0.0000
71.6200 0.0000 0.0000
71.6400 0.0000 0.0000
71.6600 0.0000 0.0000
71.6800 0.0000 0.0000
71.7000 0.0000 0.0000
71.7200 0.0000 0.0000
71.7400 0.0000 0.0000
71.7600 0.0000 0.0000
71.7800 0.0000 0.0000
71.8000 0.0000 0.0000
71.8200 0.0000 0.0000
71.8400 0.0000 0.0000
71.8600 0.0000 0.0000
71.8800 0.0000 0.0000
71.9000 0.0000 0.0000
71.9200 0.0000 0.0000
71.9400 0.0000 0.0000
71.9600 0.0000 0.0000
71.9800 0.0000 0.0000
72.0000 0.0000 0.0000
72.0200 0.0000 0.0000
72.0400 0.0000 0.0000
72.0600 0.0000 0.0000
72.0800 0.0000 0.0000
72.1000 0.0000 0.0000
72.1200 0.0000 0.0000
72.1400 0.0000 0.0000
72.1600 0.0000 0.0000
72.1800 0.0000 0.0000
72.2000 0.0000 0.0000
72.2200 0.0000 0.0000
72.2400 0.0000 0.0000
72.2600 0.0000 0.0000
72.2800 0.0000 0.0000
72.3000 0.0000 0.0000
72.3200 0.0000 0.0000
72.3400 0.0000 0.0000
72.3600 0.0000 0.0000
72.3800 0.0000 0.0000
72.4000 0.0000 0.0000
72.4200 0.0000 0.0000
72.4400 0.0000 0.0000
72.4600 0.0000 0.0000
72.4800 0.0000 0.0000
72.5000 0.0000 0.0000
72.5200 0.0000 0.0000
72.5400 0.0000 0.0000
72.5600 0.0000 0.0000
72.5800 0.0000 0.0000
72.6000 0.0000 0.0000
72.6200 0.0000 0.0000
72.6400 0.0000 0.0000
72.6600 0.0000 0.0000
72.6800 0.0000 0.0000
72.7000 0.0000 0.0000
72.7200 0.0000 0.0000
72.7400 0.0000 0.0000
72.7600 0.0000 0.0000
72.7800 0.0000 0.0000
72.8000 0.0000 0.0000
72.8200 0.0000 0.0000
72.8400 0.0000 0.0000
72.8600 0.0000 0.0000
72.8800 0.0000 0.0000
72.9000 0.0000 0.0000
72.9200 0.0000 0.0000
72.9400 0.0000 0.0000
72.9600 0.0000 0.0000
72.9800 0.0000 0.0000
73.0000 0.0000 0.0000
73.0200 0.0000 0.0000
73.0400 0.0000 0.0000
73.0600 0.0000 0.0000
73.0800 0.0000 0.0000
73.1000 0.0000 0.0000
73.1200 0.0000 0.0000
73.1400 0.0000 0.0000
73.1600 0.0000 0.0000
73.1800 0.0000 0.0000
73.2000 0.0000 0.0000
73.2200 0.0000 0.0000
73.2400 0.0000 0.0000
73.2600 0.0000 0.0000
73.2800 0.0000 0.0000
73.3000 0.0000 0.0000
73.3200 0.0000 0.0000
73.3400 0.0000 0.0000
73.3600 0.0000 0.0000
73.3800 0.0000 0.0000
73.4000 0.0000 0.0000
73.4200 0.0000 0.0000
73.4400 0.0000 0.0000
73.4600 0.0000 0.0000
73.4800 0.0000 0.0000
73.5000 0.0000 0.0000
73.5200 0.0000 0.0000
73.5400 0.0000 0.0000
73.5600 0.0000 0.0000
73.5800 0.0000 0.0000
73.6000 0.0000 0.0000
73.6200 0.0000 0.0000
73.6400 0.0000 0.0000
73.6600 0.0000 0.0000
73.6800 0.0000 0.0000
73.7000 0.0000 0.0000
73.7200 0.0000 0.0000
73.7400 0.0000 0.0000
73.7600 0.0000 0.0000
73.7800 0.0000 0.0000
73.8000 0.0000 0.0000
73.8200 0.0000 0.0000
73.8400 0.0000 0.0000
73.8600 0.0000 0.0000
73.8800 0.0000 0.0000
73.9000 0.0000 0.0000
73.9200 0.0000 0.0000
73.9400 0.0000 0.0000
73.9600 0.0000 0.0000
73.9800 0.0000 0.0000
74.0000 0.0000 0.0000
74.0200 0.0000 0.0000
74.0400 0.0000 0.0000
74.0600 0.0000 0.0000
74.0800 0.0000 0.0000
74.1000 0.0000 0.0000
74.1200 0.0000 0.0000
74.1400 0.0000 0.0000
74.1600 0.0000 0.0000
74.1800 0.0000 0.0000
74.2000 0.0000 0.0000
74.2200 0.0000 0.0000
74.2400 0.0000 0.0000
74.2600 0.0000 0.0000
74.2800 0.0000 0.0000
74.3000 0.0000 0.0000
74.3200 0.0000 0.0000
74.3400 0.0000 0.0000
74.3600 0.0000 0.0000
74.3800 0.0000 0.0000
74.4000 0.0000 0.0000
74.4200 0.0000 0.0000
74.4400 0.0000 0.0000
74.4600 0.0000 0.0000
74.4800 0.0000 0.0000
74.5000 0.0000 0.0000
74.5200 0.0000 0.0000
74.5400 0.0000 0.0000
74.5600 0.0000 0.0000
74.5800 0.0000 0.0000
74.6000 0.0000 0.0000
74.6200 0.0000 0.0000
74.6400 0.0000 0.0000
74.6600 0.0000 0.0000
74.6800 0.0000 0.0000
74.7000 0.0000 0.0000
74.7200 0.0000 0.0000
74.7400 0.0000 0.0000
74.7600 0.0000 0.0000
74.7800 0.0000 0.0000
74.8000 0.0000 0.0000
74.8200 0.0000 0.0000
74.8400 0.0000 0.0000
74.8600 0.0000 0.0000
74.8800 0.0000 0.0000
74.9000 0.0000 0.0000
74.9200 0.0000 0.0000
74.9400 0.0000 0.0000
74.9600 0.0000 0.0000
74.9800 0.0000 0.0000
75.0000 0.0000 0.0000
75.0200 0.0000 0.0000
75.0400 0.0000 0.0000
75.0600 0.0000 0.0000
75.0800 0.0000 0.0000
75.1000 0.0000 0.0000
75.1200 0.0000 0.0000
75.1400 0.0000 0.0000
75.1600 0.0000 0.0000
75.1800 0.0000 0.0000
75.2000 0.0000 0.0000
75.2200 0.0000 0.0000
75.2400 0.0000 0.0000
75.2600 0.0000 0.0000
75.2800 0.0000 0.0000
75.3000 0.0000 0.0000
75.3200 0.0000 0.0000
75.3400 0.0000 0.0000
75.3600 0.0000 0.0000
75.3800 0.0000 0.0000
75.4000 0.0000 0.0000
75.4200 0.0000 0.0000
75.4400 0.0000 0.0000
75.4600 0.0000 0.0000
75.4800 0.0000 0.0000
75.5000 0.0000 0.0000
75.5200 0.0000 0.0000
75.5400 0.0000 0.0000
75.5600 0.0000 0.0000
75.5800 0.0000 0.0000
75.6000 0.0000 0.0000
75.6200 0.0000 0.0000
75.6400 0.0000 0.0000
75.6600 0.0000 0.0000
75.6800 0.0000 0.0000
75.7000 0.0000 0.0000
75.7200 0.0000 0.0000
75.7400 0.0000 0.0000
75.7600 0.0000 0.0000
75.7800 0.0000 0.0000
75.8000 0.0000 0.0000
75.8200 0.0000 0.0000
75.8400 0.0000 0.0000
75.8600 0.0000 0.0000
75.8800 0.0000 0.0000
75.9000 0.0000 0.0000
75.9200 0.0000 0.0000
75.9400 0.0000 0.0000
75.9600 0.0000 0.0000
75.9800 0.0000 0.0000
76.0000 0.0000 0.0000
76.0200 0.0000 0.0000
76.0400 0.0000 0.0000
76.0600 0.0000 0.0000
76.0800 0.0000 0.0000
76.1000 0.0000 0.0000
76.1200 0.0000 0.0000
76.1400 0.0000 0.0000
76.1600 0.0000 0.0000
76.1800 0.0000 0.0000
76.2000 0.0000 0.0000
76.2200 0.0000 0.0000
76.2400 0.0000 0.0000
76.2600 0.0000 0.0000
76.2800 0.0000 0.0000
76.3000 0.0000 0.0000
76.3200 0.0000 0.0000
76.3400 0.0000 0.0000
76.3600 0.0000 0.0000
76.3800 0.0000 0.0000
76.4000 0.0000 0.0000
76.4200 0.0000 0.0000
76.4400 0.0000 0.0000
76.4600 0.0000 0.0000
76.4800 0.0000 0.0000
76.5000 0.0000 0.0000
76.5200 0.0000 0.0000
76.5400 0.0000 0.0000
76.5600 0.0000 0.0000
76.5800 0.0000 0.0000
76.6000 0.0000 0.0000
76.6200 0.0000 0.0000
76.6400 0.0000 0.0000
76.6600 0.0000 0.0000
76.6800 0.0000 0.0000
76.7000 0.0000 0.0000
76.7200 0.0000 0.0000
76.7400 0.0000 0.0000
76.7600 0.0000 0.0000
76.7800 0.0000 0.0000
76.8000 0.0000 0.0000
76.8200 0.0000 0.0000
76.8400 0.0000 0.0000
76.8600 0.0000 0.0000
76.8800 0.0000 0.0000
76.9000 0.0000 0.0000
76.9200 0.0000 0.0000
76.9400 0.0000 0.0000
76.9600 0.0000 0.0000
76.9800 0.0000 0.0000
77.0000 1.0000 0.0000
77.0200 1.0000 0.0000
77.0400 1.0000 0.0000
77.0600 1.0000 0.0000
77.0800 1.0000 0.0000
77.1000 1.0000 0.0000
77.1200 1.0000 0.0000
77.1400 1.0000 0.0000
77.1600 1.0000 0.0000
77.1800 1.0000 0.0000
77.2000 1.0000 0.0000
77.2200 1.0000 0.0000
77.2400 1.0000 0.0000
77.2600 1.0000 0.0000
77.2800 1.0000 0.0000
77.3000 1.0000 0.0000
77.3200 1.0000 0.0000
77.3400 1.0000 0.0000
77.3600 1.0000 0.0000
77.3800 1.0000 0.0000
77.4000 1.0000 0.0000
77.4200 1.0000 0.0000
77.4400 1.0000 0.0000
77.4600 1.0000 0.0000
77.4800 1.0000 0.0000
77.5000 1.0000 0.0000
77.5200 1.0000 0.0000
77.5400 1.0000 0.0000
77.5600 1.0000 0.0000
77.5800 1.0000 0.0000
77.6000 1.0000 0.0000
77.6200 1.0000 0.0000
77.6400 1.0000 0.0000
77.6600 1.0000 0.0000
77.6800 1.0000 0.0000
77.7000 1.0000 0.0000
77.7200 1.0000 0.0000
77.7400 1.0000 0.0000
77.7600 1.0000 0.0000
77.7800 1.0000 0.0000
77.8000 1.0000 0.0000
77.8200 1.0000 0.0000
77.8400 1.0000 0.0000
77.8600 1.0000 0.0000
77.8800 1.0000 0.0000
77.9000 1.0000 0.0000
77.9200 1.0000 0.0000
77.9400 1.0000 0.0000
77.9600 1.0000 0.0000
77.9800 1.0000 0.0000
78.0000 1.0000 0.0000
78.0200 1.0000 0.0000
78.0400 1.0000 0.0000
78.0600 1.0000 0.0000
78.0800 1.0000 0.0000
78.1000 1.0000 0.0000
78.1200 1.0000 0.0000
78.1400 1.0000 0.0000
78.1600 1.0000 0.0000
78.1800 1.0000 0.0000
78.2000 1.0000 0.0000
78.2200 1.0000 0.0000
78.2400 1.0000 0.0000
78.2600 1.0000 0.0000
78.2800 1.0000 0.0000
78.3000 1.0000 0.0000
78.3200 1.0000 0.0000
78.3400 1.0000 0.0000
78.3600 1.0000 0.0000
78.3800 1.0000 0.0000
78.4000 1.0000 0.0000
78.4200 1.0000 0.0000
78.4400 1.0000 0.0000
78.4600 1.0000 0.0000
78.4800 1.0000 0.0000
78.5000 1.0000 0.0000
78.5200 1.0000 0.0000
78.5400 1.0000 0.0000
78.5600 1.0000 0.0000
78.5800 1.0000 0.0000
78.6000 1.0000 0.0000
78.6200 1.0000 0.0000
78.6400 1.0000 0.0000
78.6600 1.0000 0.0000
78.6800 1.0000 0.0000
78.7000 1.0000 0.0000
78.7200 1.0000 0.0000
78.7400 1.0000 0.0000
78.7600 1.0000 0.0000
78.7800 1.0000 0.0000
78.8000 1.0000 0.0000
78.8200 1.0000 0.0000
78.8400 1.0000 0.0000
78.8600 1.0000 0.0000
78.8800 1.0000 0.0000
78.9000 1.0000 0.0000
78.9200 1.0000 0.0000
78.9400 1.0000 0.0000
78.9600 1.0000 0.0000
78.9800 1.0000 0.0000
79.0000 1.0000 0.0000
79.0200 1.0000 0.0000
79.0400 1.0000 0.0000
79.0600 1.0000 0.0000
79.0800 1.0000 0.0000
79.1000 1.0000 0.0000
79.1200 1.0000 0.0000
79.1400 1.0000 0.0000
79.1600 1.0000 0.0000
79.1800 1.0000 0.0000
79.2000 1.0000 0.0000
79.2200 1.0000 0.0000
79.2400 1.0000 0.0000
79.2600 1.0000 0.0000
79.2800 1.0000 0.0000
79.3000 1.0000 0.0000
79.3200 1.0000 0.0000
79.3400 1.0000 0.0000
79.3600 1.0000 0.0000
79.3800 1.0000 0.0000
79.4000 1.0000 0.0000
79.4200 1.0000 0.0000
79.4400 1.0000 0.0000
79.4600 1.0000 0.0000
79.4800 1.0000 0.0000
79.5000 1.0000 0.0000
79.5200 1.0000 0.0000
79.5400 1.0000 0.0000
79.5600 1.0000 0.0000
79.5800 1.0000 0.0000
79.6000 1.0000 0.0000
79.6200 1.0000 0.0000
79.6400 1.0000 0.0000
79.6600 1.0000 0.0000
79.6800 1.0000 0.0000
79.7000 1.0000 0.0000
79.7200 1.0000 0.0000
79.7400 1.0000 0.0000
79.7600 1.0000 0.0000
79.7800 1.0000 0.0000
79.8000 1.0000 0.0000
79.8200 1.0000 0.0000
79.8400 1.0000 0.0000
79.8600 1.0000 0.0000
79.8800 1.0000 0.0000
79.9000 1.0000 0.0000
79.9200 1.0000 0.0000
79.9400 1.0000 0.0000
79.9600 1.0000 0.0000
79.9800 1.0000 0.0000
80.0000 1.0000 0.0000
80.0200 1.0000 0.0000
80.0400 1.0000 0.0000
80.0600 1.0000 0.0000
80.0800 1.0000 0.0000
80.1000 1.0000 0.0000
80.1200 1.0000 0.0000
80.1400 1.0000 0.0000
80.1600 1.0000 0.0000
80.1800 1.0000 0.0000
80.2000 1.0000 0.0000
80.2200 1.0000 0.0000
80.2400 1.0000 0.0000
80.2600 1.0000 0.0000
80.2800 1.0000 0.0000
80.3000 1.0000 0.0000
80.3200 1.0000 0.0000
80.3400 1.0000 0.0000
80.3600 1.0000 0.0000
80.3800 1.0000 0.0000
80.4000 1.0000 0.0000
80.4200 1.0000 0.0000
80.4400 1.0000 0.0000
80.4600 1.0000 0.0000
80.4800 1.0000 0.0000
80.5000 1.0000 0.0000
80.5200 1.0000 0.0000
80.5400 1.0000 0.0000
80.5600 1.0000 0.0000
80.5800 1.0000 0.0000
80.6000 1.0000 0.0000
80.6200 1.0000 0.0000
80.6400 1.0000 0.0000
80.6600 1.0000 0.0000
80.6800 1.0000 0.0000
80.7000 1.0000 0.0000
80.7200 1.0000 0.0000
80.7400 1.0000 0.0000
80.7600 1.0000 0.0000
80.7800 1.0000 0.0000
80.8000 1.0000 0.0000
80.8200 1.0000 0.0000
80.8400 1.0000 0.0000
80.8600 1.0000 0.0000
80.8800 1.0000 0.0000
80.9000 1.0000 0.0000
80.9200 1.0000 0.0000
80.9400 1.0000 0.0000
80.9600 1.0000 0.0000
80.9800 1.0000 0.0000
81.0000 1.0000 0.0000
81.0200 1.0000 0.0000
81.0400 1.0000 0.0000
81.0600 1.0000 0.0000
81.0800 1.0000 0.0000
81.1000 1.0000 0.0000
81.1200 1.0000 0.0000
81.1400 1.0000 0.0000
81.1600 1.0000 0.0000
81.1800 1.0000 0.0000
81.2000 1.0000 0.0000
81.2200 1.0000 0.0000
81.2400 1.0000 0.0000
81.2600 1.0000 0.0000
81.2800 1.0000 0.0000
81.3000 1.0000 0.0000
81.3200 1.0000 0.0000
81.3400 1.0000 0.0000
81.3600 1.0000 0.0000
81.3800 1.0000 0.0000
81.4000 1.0000 0.0000
81.4200 1.0000 0.0000
81.4400 1.0000 0.0000
81.4600 1.0000 0.0000
81.4800 1.0000 0.0000
81.5000 1.0000 0.0000
81.5200 1.0000 0.0000
81.5400 1.0000 0.0000
81.5600 1.0000 0.0000
81.5800 1.0000 0.0000
81.6000 1.0000 0.0000
81.6200 1.0000 0.0000
81.6400 1.0000 0.0000
81.6600 1.0000 0.0000
81.6800 1.0000 0.0000
81.7000 1.0000 0.0000
81.7200 1.0000 0.0000
81.7400 1.0000 0.0000
81.7600 1.0000 0.0000
81.7800 1.0000 0.0000
81.8000 1.0000 0.0000
81.8200 1.0000 0.0000
81.8400 1.0000 0.0000
81.8600 1.0000 0.0000
81.8800 1.0000 0.0000
81.9000 1.0000 0.0000
81.9200 1.0000 0.0000
81.9400 1.0000 0.0000
81.9600 1.0000 0.0000
81.9800 1.0000 0.0000
82.0000 1.0000 0.0000
82.0200 1.0000 0.0000
82.0400 1.0000 0.0000
82.0600 1.0000 0.0000
82.0800 1.0000 0.0000
82.1000 1.0000 0.0000
82.1200 1.0000 0.0000
82.1400 1.0000 0.0000
82.1600 1.0000 0.0000
82.1800 1.0000 0.0000
82.2000 1.0000 0.0000
82.2200 1.0000 0.0000
82.2400 1.0000 0.0000
82.2600 1.0000 0.0000
82.2800 1.0000 0.0000
82.3000 1.0000 0.0000
82.3200 1.0000 0.0000
82.3400 1.0000 0.0000
82.3600 1.0000 0.0000
82.3800 1.0000 0.0000
82.4000 1.0000 0.0000
82.4200 1.0000 0.0000
82.4400 1.0000 0.0000
82.4600 1.0000 0.0000
82.4800 1.0000 0.0000
82.5000 1.0000 0.0000
82.5200 1.0000 0.0000
82.5400 1.0000 0.0000
82.5600 1.0000 0.0000
82.5800 1.0000 0.0000
82.6000 1.0000 0.0000
82.6200 1.0000 0.0000
82.6400 1.0000 0.0000
82.6600 1.0000 0.0000
82.6800 1.0000 0.0000
82.7000 1.0000 0.0000
82.7200 1.0000 0.0000
82.7400 1.0000 0.0000
82.7600 1.0000 0.0000
82.7800 1.0000 0.0000
82.8000 1.0000 0.0000
82.8200 1.0000 0.0000
82.8400 1.0000 0.0000
82.8600 1.0000 0.0000
82.8800 1.0000 0.0000
82.9000 1.0000 0.0000
82.9200 1.0000 0.0000
82.9400 1.0000 0.0000
82.9600 1.0000 0.0000
82.9800 1.0000 0.0000
83.0000 1.0000 0.0000
83.0200 1.0000 0.0000
83.0400 1.0000 0.0000
83.0600 1.0000 0.0000
83.0800 1.0000 0.0000
83.1000 1.0000 0.0000
83.1200 1.0000 0.0000
83.1400 1.0000 0.0000
83.1600 1.0000 0.0000
83.1800 1.0000 0.0000
83.2000 1.0000 0.0000
83.2200 1.0000 0.0000
83.2400 1.0000 0.0000
83.2600 1.0000 0.0000
83.2800 1.0000 0.0000
83.3000 1.0000 0.0000
83.3200 1.0000 0.0000
83.3400 1.0000 0.0000
83.3600 1.0000 0.0000
83.3800 1.0000 0.0000
83.4000 1.0000 0.0000
83.4200 1.0000 0.0000
83.4400 1.0000 0.0000
83.4600 1.0000 0.0000
83.4800 1.0000 0.0000
83.5000 1.0000 0.0000
83.5200 1.0000 0.0000
83.5400 1.0000 0.0000
83.5600 1.0000 0.0000
83.5800 1.0000 0.0000
83.6000 1.0000 0.0000
83.6200 1.0000 0.0000
83.6400 1.0000 0.0000
83.6600 1.0000 0.0000
83.6800 1.0000 0.0000
83.7000 1.0000 0.0000
83.7200 1.0000 0.0000
83.7400 1.0000 0.0000
83.7600 1.0000 0.0000
83.7800 1.0000 0.0000
83.8000 1.0000 0.0000
83.8200 1.0000 0.0000
83.8400 1.0000 0.0000
83.8600 1.0000 0.0000
83.8800 1.0000 0.0000
83.9000 1.0000 0.0000
83.9200 1.0000 0.0000
83.9400 1.0000 0.0000
83.9600 1.0000 0.0000
83.9800 1.0000 0.0000
84.0000 1.0000 0.0000
84.0200 1.0000 0.0000
84.0400 1.0000 0.0000
84.0600 1.0000 0.0000
84.0800 1.0000 0.0000
84.1000 1.0000 0.0000
84.1200 1.0000 0.0000
84.1400 1.0000 0.0000
84.1600 1.0000 0.0000
84.1800 1.0000 0.0000
84.2000 1.0000 0.0000
84.2200 1.0000 0.0000
84.2400 1.0000 0.0000
84.2600 1.0000 0.0000
84.2800 1.0000 0.0000
84.3000 1.0000 0.0000
84.3200 1.0000 0.0000
84.3400 1.0000 0.0000
84.3600 1.0000 0.0000
84.3800 1.0000 0.0000
84.4000 1.0000 0.0000
84.4200 1.0000 0.0000
84.4400 1.0000 0.0000
84.4600 1.0000 0.0000
84.4800 1.0000 0.0000
84.5000 1.0000 0.0000
84.5200 1.0000 0.0000
84.5400 1.0000 0.0000
84.5600 1.0000 0.0000
84.5800 1.0000 0.0000
84.6000 1.0000 0.0000
84.6200 1.0000 0.0000
84.6400 1.0000 0.0000
84.6600 1.0000 0.0000
84.6800 1.0000 0.0000
84.7000 1.0000 0.0000
84.7200 1.0000 0.0000
84.7400 1.0000 0.0000
84.7600 1.0000 0.0000
84.7800 1.0000 0.0000
84.8000 1.0000 0.0000
84.8200 1.0000 0.0000
84.8400 1.0000 0.0000
84.8600 1.0000 0.0000
84.8800 1.0000 0.0000
84.9000 1.0000 0.0000
84.9200 1.0000 0.0000
84.9400 1.0000 0.0000
84.9600 1.0000 0.0000
84.9800 1.0000 0.0000
85.0000 1.0000 0.0000
85.0200 1.0000 0.0000
85.0400 1.0000 0.0000
85.0600 1.0000 0.0000
85.0800 1.0000 0.0000
85.1000 1.0000 0.0000
85.1200 1.0000 0.0000
85.1400 1.0000 0.0000
85.1600 1.0000 0.0000
85.1800 1.0000 0.0000
85.2000 1.0000 0.0000
85.2200 1.0000 0.0000
85.2400 1.0000 0.0000
85.2600 1.0000 0.0000
85.2800 1.0000 0.0000
85.3000 1.0000 0.0000
85.3200 1.0000 0.0000
85.3400 1.0000 0.0000
85.3600 1.0000 0.0000
85.3800 1.0000 0.0000
85.4000 1.0000 0.0000
85.4200 1.0000 0.0000
85.4400 1.0000 0.0000
85.4600 1.0000 0.0000
85.4800 1.0000 0.0000
85.5000 1.0000 0.0000
85.5200 1.0000 0.0000
85.5400 1.0000 0.0000
85.5600 1.0000 0.0000
85.5800 1.0000 0.0000
85.6000 1.0000 0.0000
85.6200 1.0000 0.0000
85.6400 1.0000 0.0000
85.6600 1.0000 0.0000
85.6800 1.0000 0.0000
85.7000 1.0000 0.0000
85.7200 1.0000 0.0000
85.7400 1.0000 0.0000
85.7600 1.0000 0.0000
85.7800 1.0000 0.0000
85.8000 1.0000 0.0000
85.8200 1.0000 0.0000
85.8400 1.0000 0.0000
85.8600 1.0000 0.0000
85.8800 1.0000 0.0000
85.9000 1.0000 0.0000
85.9200 1.0000 0.0000
85.9400 1.0000 0.0000
85.9600 1.0000 0.0000
85.9800 1.0000 0.0000
86.0000 1.0000 0.0000
86.0200 1.0000 0.0000
86.0400 1.0000 0.0000
86.0600 1.0000 0.0000
86.0800 1.0000 0.0000
86.1000 1.0000 0.0000
86.1200 1.0000 0.0000
86.1400 1.0000 0.0000
86.1600 1.0000 0.0000
86.1800 1.0000 0.0000
86.2000 1.0000 0.0000
86.2200 1.0000 0.0000
86.2400 1.0000 0.0000
86.2600 1.0000 0.0000
86.2800 1.0000 0.0000
86.3000 1.0000 0.0000
86.3200 1.0000 0.0000
86.3400 1.0000 0.0000
86.3600 1.0000 0.0000
86.3800 1.0000 0.0000
86.4000 1.0000 0.0000
86.4200 1.0000 0.0000
86.4400 1.0000 0.0000
86.4600 1.0000 0.0000
86.4800 1.0000 0.0000
86.5000 1.0000 0.0000
86.5200 1.0000 0.0000
86.5400 1.0000 0.0000
86.5600 1.0000 0.0000
86.5800 1.0000 0.0000
86.6000 1.0000 0.0000
86.6200 1.0000 0.0000
86.6400 1.0000 0.0000
86.6600 1.0000 0.0000
86.6800 1.0000 0.0000
86.7000 1.0000 0.0000
86.7200 1.0000 0.0000
86.7400 1.0000 0.0000
86.7600 1.0000 0.0000
86.7800 1.0000 0.0000
86.8000 1.0000 0.0000
86.8200 1.0000 0.0000
86.8400 1.0000 0.0000
86.8600 1.0000 0.0000
86.8800 1.0000 0.0000
86.9000 1.0000 0.0000
86.9200 1.0000 0.0000
86.9400 1.0000 0.0000
86.9600 1.0000 0.0000
86.9800 1.0000 0.0000
87.0000 1.0000 0.0000
87.0200 1.0000 0.0000
87.0400 1.0000 0.0000
87.0600 1.0000 0.0000
87.0800 1.0000 0.0000
87.1000 1.0000 0.0000
87.1200 1.0000 0.0000
87.1400 1.0000 0.0000
87.1600 1.0000 0.0000
87.1800 1.0000 0.0000
87.2000 1.0000 0.0000
87.2200 1.0000 0.0000
87.2400 1.0000 0.0000
87.2600 1.0000 0.0000
87.2800 1.0000 0.0000
87.3000 1.0000 0.0000
87.3200 1.0000 0.0000
87.3400 1.0000 0.0000
87.3600 1.0000 0.0000
87.3800 1.0000 0.0000
87.4000 1.0000 0.0000
87.4200 1.0000 0.0000
87.4400 1.0000 0.0000
87.4600 1.0000 0.0000
87.4800 1.0000 0.0000
87.5000 1.0000 0.0000
87.5200 1.0000 0.0000
87.5400 1.0000 0.0000
87.5600 1.0000 0.0000
87.5800 1.0000 0.0000
87.6000 1.0000 0.0000
87.6200 1.0000 0.0000
87.6400 1.0000 0.0000
87.6600 1.0000 0.0000
87.6800 1.0000 0.0000
87.7000 1.0000 0.0000
87.7200 1.0000 0.0000
87.7400 1.0000 0.0000
87.7600 1.0000 0.0000
87.7800 1.0000 0.0000
87.8000 1.0000 0.0000
87.8200 1.0000 0.0000
87.8400 1.0000 0.0000
87.8600 1.0000 0.0000
87.8800 1.0000 0.0000
87.9000 1.0000 0.0000
87.9200 1.0000 0.0000
87.9400 1.0000 0.0000
87.9600 1.0000 0.0000
87.9800 1.0000 0.0000
88.0000 1.0000 0.0000
88.0200 1.0000 0.0000
88.0400 1.0000 0.0000
88.0600 1.0000 0.0000
88.0800 1.0000 0.0000
88.1000 1.0000 0.0000
88.1200 1.0000 0.0000
88.1400 1.0000 0.0000
88.1600 1.0000 0.0000
88.1800 1.0000 0.0000
88.2000 1.0000 0.0000
88.2200 1.0000 0.0000
88.2400 1.0000 0.0000
88.2600 1.0000 0.0000
88.2800 1.0000 0.0000
88.3000 1.0000 0.0000
88.3200 1.0000 0.0000
88.3400 1.0000 0.0000
88.3600 1.0000 0.0000
88.3800 1.0000 0.0000
88.4000 1.0000 0.0000
88.4200 1.0000 0.0000
88.4400 1.0000 0.0000
88.4600 1.0000 0.0000
88.4800 1.0000 0.0000
88.5000 1.0000 0.0000
88.5200 1.0000 0.0000
88.5400 1.0000 0.0000
88.5600 1.0000 0.0000
88.5800 1.0000 0.0000
88.6000 1.0000 0.0000
88.6200 1.0000 0.0000
88.6400 1.0000 0.0000
88.6600 1.0000 0.0000
88.6800 1.0000 0.0000
88.7000 1.0000 0.0000
88.7200 1.0000 0.0000
88.7400 1.0000 0.0000
88.7600 1.0000 0.0000
88.7800 1.0000 0.0000
88.8000 1.0000 0.0000
88.8200 1.0000 0.0000
88.8400 1.0000 0.0000
88.8600 1.0000 0.0000
88.8800 1.0000 0.0000
88.9000 1.0000 0.0000
88.9200 1.0000 0.0000
88.9400 1.0000 0.0000
88.9600 1.0000 0.0000
88.9800 1.0000 0.0000
89.0000 1.0000 0.0000
89.0200 1.0000 0.0000
89.0400 1.0000 0.0000
89.0600 1.0000 0.0000
89.0800 1.0000 0.0000
89.1000 1.0000 0.0000
89.1200 1.0000 0.0000
89.1400 1.0000 0.0000
89.1600 1.0000 0.0000
89.1800 1.0000 0.0000
89.2000 1.0000 0.0000
89.2200 1.0000 0.0000
89.2400 1.0000 0.0000
89.2600 1.0000 0.0000
89.2800 1.0000 0.0000
89.3000 1.0000 0.0000
89.3200 1.0000 0.0000
89.3400 1.0000 0.0000
89.3600 1.0000 0.0000
89.3800 1.0000 0.0000
89.4000 1.0000 0.0000
89.4200 1.0000 0.0000
89.4400 1.0000 0.0000
89.4600 1.0000 0.0000
89.4800 1.0000 0.0000
89.5000 1.0000 0.0000
89.5200 1.0000 0.0000
89.5400 1.0000 0.0000
89.5600 1.0000 0.0000
89.5800 1.0000 0.0000
89.6000 1.0000 0.0000
89.6200 1.0000 0.0000
89.6400 1.0000 0.0000
89.6600 1.0000 0.0000
89.6800 1.0000 0.0000
89.7000 1.0000 0.0000
89.7200 1.0000 0.0000
89.7400 1.0000 0.0000
89.7600 1.0000 0.0000
89.7800 1.0000 0.0000
89.8000 1.0000 0.0000
89.8200 1.0000 0.0000
89.8400 1.0000 0.0000
89.8600 1.0000 0.0000
89.8800 1.0000 0.0000
89.9000 1.0000 0.0000
89.9200 1.0000 0.0000
89.9400 1.0000 0.0000
89.9600 1.0000 0.0000
89.9800 1.0000 0.0000
90.0000 1.0000 0.0000
90.0200 1.0000 0.0000
90.0400 1.0000 0.0000
90.0600 1.0000 0.0000
90.0800 1.0000 0.0000
90.1000 1.0000 0.0000
90.1200 1.0000 0.0000
90.1400 1.0000 0.0000
90.1600 1.0000 0.0000
90.1800 1.0000 0.0000
90.2000 1.0000 0.0000
90.2200 1.0000 0.0000
90.2400 1.0000 0.0000
90.2600 1.0000 0.0000
90.2800 1.0000 0.0000
90.3000 1.0000 0.0000
90.3200 1.0000 0.0000
90.3400 1.0000 0.0000
90.3600 1.0000 0.0000
90.3800 1.0000 0.0000
90.4000 1.0000 0.0000
90.4200 1.0000 0.0000
90.4400 1.0000 0.0000
90.4600 1.0000 0.0000
90.4800 1.0000 0.0000
90.5000 1.0000 0.0000
90.5200 1.0000 0.0000
90.5400 1.0000 0.0000
90.5600 1.0000 0.0000
90.5800 1.0000 0.0000
90.6000 1.0000 0.0000
90.6200 1.0000 0.0000
90.6400 1.0000 0.0000
90.6600 1.0000 0.0000
90.6800 1.0000 0.0000
90.7000 1.0000 0.0000
90.7200 1.0000 0.0000
90.7400 1.0000 0.0000
90.7600 1.0000 0.0000
90.7800 1.0000 0.0000
90.8000 1.0000 0.0000
90.8200 1.0000 0.0000
90.8400 1.0000 0.0000
90.8600 1.0000 0.0000
90.8800 1.0000 0.0000
90.9000 1.0000 0.0000
90.9200 1.0000 0.0000
90.9400 1.0000 0.0000
90.9600 1.0000 0.0000
90.9800 1.0000 0.0000
91.0000 1.0000 0.0000
91.0200 1.0000 0.0000
91.0400 1.0000 0.0000
91.0600 1.0000 0.0000
91.0800 1.0000 0.0000
91.1000 1.0000 0.0000
91.1200 1.0000 0.0000
91.1400 1.0000 0.0000
91.1600 1.0000 0.0000
91.1800 1.0000 0.0000
91.2000 1.0000 0.0000
91.2200 1.0000 0.0000
91.2400 1.0000 0.0000
91.2600 1.0000 0.0000
91.2800 1.0000 0.0000
91.3000 1.0000 0.0000
91.3200 1.0000 0.0000
91.3400 1.0000 0.0000
91.3600 1.0000 0.0000
91.3800 1.0000 0.0000
91.4000 1.0000 0.0000
91.4200 1.0000 0.0000
91.4400 1.0000 0.0000
91.4600 1.0000 0.0000
91.4800 1.0000 0.0000
91.5000 1.0000 0.0000
91.5200 1.0000 0.0000
91.5400 1.0000 0.0000
91.5600 1.0000 0.0000
91.5800 1.0000 0.0000
91.6000 1.0000 0.0000
91.6200 1.0000 0.0000
91.6400 1.0000 0.0000
91.6600 1.0000 0.0000
91.6800 1.0000 0.0000
91.7000 1.0000 0.0000
91.7200 1.0000 0.0000
91.7400 1.0000 0.0000
91.7600 1.0000 0.0000
91.7800 1.0000 0.0000
91.8000 1.0000 0.0000
91.8200 1.0000 0.0000
91.8400 1.0000 0.0000
91.8600 1.0000 0.0000
91.8800 1.0000 0.0000
91.9000 1.0000 0.0000
91.9200 1.0000 0.0000
91.9400 1.0000 0.0000
91.9600 1.0000 0.0000
91.9800 1.0000 0.0000
92.0000 1.0000 0.0000
92.0200 1.0000 0.0000
92.0400 1.0000 0.0000
92.0600 1.0000 0.0000
92.0800 1.0000 0.0000
92.1000 1.0000 0.0000
92.1200 1.0000 0.0000
92.1400 1.0000 0.0000
92.1600 1.0000 0.0000
92.1800 1.0000 0.0000
92.2000 1.0000 0.0000
92.2200 1.0000 0.0000
92.2400 1.0000 0.0000
92.2600 1.0000 0.0000
92.2800 1.0000 0.0000
92.3000 1.0000 0.0000
92.3200 1.0000 0.0000
92.3400 1.0000 0.0000
92.3600 1.0000 0.0000
92.3800 1.0000 0.0000
92.4000 1.0000 0.0000
92.4200 1.0000 0.0000
92.4400 1.0000 0.0000
92.4600 1.0000 0.0000
92.4800 1.0000 0.0000
92.5000 1.0000 0.0000
92.5200 1.0000 0.0000
92.5400 1.0000 0.0000
92.5600 1.0000 0.0000
92.5800 1.0000 0.0000
92.6000 1.0000 0.0000
92.6200 1.0000 0.0000
92.6400 1.0000 0.0000
92.6600 1.0000 0.0000
92.6800 1.0000 0.0000
92.7000 1.0000 0.0000
92.7200 1.0000 0.0000
92.7400 1.0000 0.0000
92.7600 1.0000 0.0000
92.7800 1.0000 0.0000
92.8000 1.0000 0.0000
92.8200 1.0000 0.0000
92.8400 1.0000 0.0000
92.8600 1.0000 0.0000
92.8800 1.0000 0.0000
92.9000 1.0000 0.0000
92.9200 1.0000 0.0000
92.9400 1.0000 0.0000
92.9600 1.0000 0.0000
92.9800 1.0000 0.0000
93.0000 1.0000 0.0000
93.0200 1.0000 0.0000
93.0400 1.0000 0.0000
93.0600 1.0000 0.0000
93.0800 1.0000 0.0000
93.1000 1.0000 0.0000
93.1200 1.0000 0.0000
93.1400 1.0000 0.0000
93.1600 1.0000 0.0000
93.1800 1.0000 0.0000
93.2000 1.0000 0.0000
93.2200 1.0000 0.0000
93.2400 1.0000 0.0000
93.2600 1.0000 0.0000
93.2800 1.0000 0.0000
93.3000 1.0000 0.0000
93.3200 1.0000 0.0000
93.3400 1.0000 0.0000
93.3600 1.0000 0.0000
93.3800 1.0000 0.0000
93.4000 1.0000 0.0000
93.4200 1.0000 0.0000
93.4400 1.0000 0.0000
93.4600 1.0000 0.0000
93.4800 1.0000 0.0000
93.5000 1.0000 0.0000
93.5200 1.0000 0.0000
93.5400 1.0000 0.0000
93.5600 1.0000 0.0000
93.5800 1.0000 0.0000
93.6000 1.0000 0.0000
93.6200 1.0000 0.0000
93.6400 1.0000 0.0000
93.6600 1.0000 0.0000
93.6800 1.0000 0.0000
93.7000 1.0000 0.0000
93.7200 1.0000 0.0000
93.7400 1.0000 0.0000
93.7600 1.0000 0.0000
93.7800 1.0000 0.0000
93.8000 1.0000 0.0000
93.8200 1.0000 0.0000
93.8400 1.0000 0.0000
93.8600 1.0000 0.0000
93.8800 1.0000 0.0000
93.9000 1.0000 0.0000
93.9200 1.0000 0.0000
93.9400 1.0000 0.0000
93.9600 1.0000 0.0000
93.9800 1.0000 0.0000
94.0000 1.0000 0.0000
94.0200 1.0000 0.0000
94.0400 1.0000 0.0000
94.0600 1.0000 0.0000
94.0800 1.0000 0.0000
94.1000 1.0000 0.0000
94.1200 1.0000 0.0000
94.1400 1.0000 0.0000
94.1600 1.0000 0.0000
94.1800 1.0000 0.0000
94.2000 1.0000 0.0000
94.2200 1.0000 0.0000
94.2400 1.0000 0.0000
94.2600 1.0000 0.0000
94.2800 1.0000 0.0000
94.3000 1.0000 0.0000
94.3200 1.0000 0.0000
94.3400 1.0000 0.0000
94.3600 1.0000 0.0000
94.3800 1.0000 0.0000
94.4000 1.0000 0.0000
94.4200 1.0000 0.0000
94.4400 1.0000 0.0000
94.4600 1.0000 0.0000
94.4800 1.0000 0.0000
94.5000 1.0000 0.0000
94.5200 1.0000 0.0000
94.5400 1.0000 0.0000
94.5600 1.0000 0.0000
94.5800 1.0000 0.0000
94.6000 1.0000 0.0000
94.6200 1.0000 0.0000
94.6400 1.0000 0.0000
94.6600 1.0000 0.0000
94.6800 1.0000 0.0000
94.7000 1.0000 0.0000
94.7200 1.0000 0.0000
94.7400 1.0000 0.0000
94.7600 1.0000 0.0000
94.7800 1.0000 0.0000
94.8000 1.0000 0.0000
94.8200 1.0000 0.0000
94.8400 1.0000 0.0000
94.8600 1.0000 0.0000
94.8800 1.0000 0.0000
94.9000 1.0000 0.0000
94.9200 1.0000 0.0000
94.9400 1.0000 0.0000
94.9600 1.0000 0.0000
94.9800 1.0000 0.0000
95.0000 1.0000 0.0000
95.0200 1.0000 0.0000
95.0400 1.0000 0.0000
95.0600 1.0000 0.0000
95.0800 1.0000 0.0000
95.1000 1.0000 0.0000
95.1200 1.0000 0.0000
95.1400 1.0000 0.0000
95.1600 1.0000 0.0000
95.1800 1.0000 0.0000
95.2000 1.0000 0.0000
95.2200 1.0000 0.0000
95.2400 1.0000 0.0000
95.2600 1.0000 0.0000
95.2800 1.0000 0.0000
95.3000 1.0000 0.0000
95.3200 1.0000 0.0000
95.3400 1.0000 0.0000
95.3600 1.0000 0.0000
95.3800 1.0000 0.0000
95.4000 1.0000 0.0000
95.4200 1.0000 0.0000
95.4400 1.0000 0.0000
95.4600 1.0000 0.0000
95.4800 1.0000 0.0000
95.5000 1.0000 0.0000
95.5200 1.0000 0.0000
95.5400 1.0000 0.0000
95.5600 1.0000 0.0000
95.5800 1.0000 0.0000
95.6000 1.0000 0.0000
95.6200 1.0000 0.0000
95.6400 1.0000 0.0000
95.6600 1.0000 0.0000
95.6800 1.0000 0.0000
95.7000 1.0000 0.0000
95.7200 1.0000 0.0000
95.7400 1.0000 0.0000
95.7600 1.0000 0.0000
95.7800 1.0000 0.0000
95.8000 1.0000 0.0000
95.8200 1.0000 0.0000
95.8400 1.0000 0.0000
95.8600 1.0000 0.0000
95.8800 1.0000 0.0000
95.9000 1.0000 0.0000
95.9200 1.0000 0.0000
95.9400 1.0000 0.0000
95.9600 1.0000 0.0000
95.9800 1.0000 0.0000
96.0000 1.0000 0.0000
96.0200 1.0000 0.0000
96.0400 1.0000 0.0000
96.0600 1.0000 0.0000
96.0800 1.0000 0.0000
96.1000 1.0000 0.0000
96.1200 1.0000 0.0000
96.1400 1.0000 0.0000
96.1600 1.0000 0.0000
96.1800 1.0000 0.0000
96.2000 1.0000 0.0000
96.2200 1.0000 0.0000
96.2400 1.0000 0.0000
96.2600 1.0000 0.0000
96.2800 1.0000 0.0000
96.3000 1.0000 0.0000
96.3200 1.0000 0.0000
96.3400 1.0000 0.0000
96.3600 1.0000 0.0000
96.3800 1.0000 0.0000
96.4000 1.0000 0.0000
96.4200 1.0000 0.0000
96.4400 1.0000 0.0000
96.4600 1.0000 0.0000
96.4800 1.0000 0.0000
96.5000 1.0000 0.0000
96.5200 1.0000 0.0000
96.5400 1.0000 0.0000
96.5600 1.0000 0.0000
96.5800 1.0000 0.0000
96.6000 1.0000 0.0000
96.6200 1.0000 0.0000
96.6400 1.0000 0.0000
96.6600 1.0000 0.0000
96.6800 1.0000 0.0000
96.7000 1.0000 0.0000
96.7200 1.0000 0.0000
96.7400 1.0000 0.0000
96.7600 1.0000 0.0000
96.7800 1.0000 0.0000
96.8000 1.0000 0.0000
96.8200 1.0000 0.0000
96.8400 1.0000 0.0000
96.8600 1.0000 0.0000
96.8800 1.0000 0.0000
96.9000 1.0000 0.0000
96.9200 1.0000 0.0000
96.9400 1.0000 0.0000
96.9600 1.0000 0.0000
96.9800 1.0000 0.0000
97.0000 1.0000 0.0000
97.0200 1.0000 0.0000
97.0400 1.0000 0.0000
97.0600 1.0000 0.0000
97.0800 1.0000 0.0000
97.1000 1.0000 0.0000
97.1200 1.0000 0.0000
97.1400 1.0000 0.0000
97.1600 1.0000 0.0000
97.1800 1.0000 0.0000
97.2000 1.0000 0.0000
97.2200 1.0000 0.0000
97.2400 1.0000 0.0000
97.2600 1.0000 0.0000
97.2800 1.0000 0.0000
97.3000 1.0000 0.0000
97.3200 1.0000 0.0000
97.3400 1.0000 0.0000
97.3600 1.0000 0.0000
97.3800 1.0000 0.0000
97.4000 1.0000 0.0000
97.4200 1.0000 0.0000
97.4400 1.0000 0.0000
97.4600 1.0000 0.0000
97.4800 1.0000 0.0000
97.5000 1.0000 0.0000
97.5200 1.0000 0.0000
97.5400 1.0000 0.0000
97.5600 1.0000 0.0000
97.5800 1.0000 0.0000
97.6000 1.0000 0.0000
97.6200 1.0000 0.0000
97.6400 1.0000 0.0000
97.6600 1.0000 0.0000
97.6800 1.0000 0.0000
97.7000 1.0000 0.0000
97.7200 1.0000 0.0000
97.7400 1.0000 0.0000
97.7600 1.0000 0.0000
97.7800 1.0000 0.0000
97.8000 1.0000 0.0000
97.8200 1.0000 0.0000
97.8400 1.0000 0.0000
97.8600 1.0000 0.0000
97.8800 1.0000 0.0000
97.9000 1.0000 0.0000
97.9200 1.0000 0.0000
97.9400 1.0000 0.0000
97.9600 1.0000 0.0000
97.9800 1.0000 0.0000
98.0000 1.0000 0.0000
98.0200 1.0000 0.0000
98.0400 1.0000 0.0000
98.0600 1.0000 0.0000
98.0800 1.0000 0.0000
98.1000 1.0000 0.0000
98.1200 1.0000 0.0000
98.1400 1.0000 0.0000
98.1600 1.0000 0.0000
98.1800 1.0000 0.0000
98.2000 1.0000 0.0000
98.2200 1.0000 0.0000
98.2400 1.0000 0.0000
98.2600 1.0000 0.0000
98.2800 1.0000 0.0000
98.3000 1.0000 0.0000
98.3200 1.0000 0.0000
98.3400 1.0000 0.0000
98.3600 1.0000 0.0000
98.3800 1.0000 0.0000
98.4000 1.0000 0.0000
98.4200 1.0000 0.0000
98.4400 1.0000 0.0000
98.4600 1.0000 0.0000
98.4800 1.0000 0.0000
98.5000 1.0000 0.0000
98.5200 1.0000 0.0000
98.5400 1.0000 0.0000
98.5600 1.0000 0.0000
98.5800 1.0000 0.0000
98.6000 1.0000 0.0000
98.6200 1.0000 0.0000
98.6400 1.0000 0.0000
98.6600 1.0000 0.0000
98.6800 1.0000 0.0000
98.7000 1.0000 0.0000
98.7200 1.0000 0.0000
98.7400 1.0000 0.0000
98.7600 1.0000 0.0000
98.7800 1.0000 0.0000
98.8000 1.0000 0.0000
98.8200 1.0000 0.0000
98.8400 1.0000 0.0000
98.8600 1.0000 0.0000
98.8800 1.0000 0.0000
98.9000 1.0000 0.0000
98.9200 1.0000 0.0000
98.9400 1.0000 0.0000
98.9600 1.0000 0.0000
98.9800 1.0000 0.0000
99.0000 1.0000 0.0000
99.0200 1.0000 0.0000
99.0400 1.0000 0.0000
99.0600 1.0000 0.0000
99.0800 1.0000 0.0000
99.1000 1.0000 0.0000
99.1200 1.0000 0.0000
99.1400 1.0000 0.0000
99.1600 1.0000 0.0000
99.1800 1.0000 0.0000
99.2000 1.0000 0.0000
99.2200 1.0000 0.0000
99.2400 1.0000 0.0000
99.2600 1.0000 0.0000
99.2800 1.0000 0.0000
99.3000 1.0000 0.0000
99.3200 1.0000 0.0000
99.3400 1.0000 0.0000
99.3600 1.0000 0.0000
99.3800 1.0000 0.0000
99.4000 1.0000 0.0000
99.4200 1.0000 0.0000
99.4400 1.0000 0.0000
99.4600 1.0000 0.0000
99.4800 1.0000 0.0000
99.5000 1.0000 0.0000
99.5200 1.0000 0.0000
99.5400 1.0000 0.0000
99.5600 1.0000 0.0000
99.5800 1.0000 0.0000
99.6000 1.0000 0.0000
99.6200 1.0000 0.0000
99.6400 1.0000 0.0000
99.6600 1.0000 0.0000
99.6800 1.0000 0.0000
99.7000 1.0000 0.0000
99.7200 1.0000 0.0000
99.7400 1.0000 0.0000
99.7600 1.0000 0.0000
99.7800 1.0000 0.0000
99.8000 1.0000 0.0000
99.8200 1.0000 0.0000
99.8400 1.0000 0.0000
99.8600 1.0000 0.0000
99.8800 1.0000 0.0000
99.9000 1.0000 0.0000
99.9200 1.0000 0.0000
99.9400 1.0000 0.0000
99.9600 1.0000 0.0000
99.9800 1.0000 0.0000
100.0000 1.0000 0.0000
100.0200 1.0000 0.0000
100.0400 1.0000 0.0000
100.0600 1.0000 0.0000
100.0800 1.0000 0.0000
100.1000 1.0000 0.0000
100.1200 1.0000 0.0000
100.1400 1.0000 0.0000
100.1600 1.0000 0.0000
100.1800 1.0000 0.0000
100.2000 1.0000 0.0000
100.2200 1.0000 0.0000
100.2400 1.0000 0.0000
100.2600 1.0000 0.0000
100.2800 1.0000 0.0000
100.3000 1.0000 0.0000
100.3200 1.0000 0.0000
100.3400 1.0000 0.0000
100.3600 1.0000 0.0000
100.3800 1.0000 0.0000
100.4000 1.0000 0.0000
100.4200 1.0000 0.0000
100.4400 1.0000 0.0000
100.4600 1.0000 0.0000
100.4800 1.0000 0.0000
100.5000 1.0000 0.0000
100.5200 1.0000 0.0000
100.5400 1.0000 0.0000
100.5600 1.0000 0.0000
100.5800 1.0000 0.0000
100.6000 1.0000 0.0000
100.6200 1.0000 0.0000
100.6400 1.0000 0.0000
100.6600 1.0000 0.0000
100.6800 1.0000 0.0000
100.7000 1.0000 0.0000
100.7200 1.0000 0.0000
100.7400 1.0000 0.0000
100.7600 1.0000 0.0000
100.7800 1.0000 0.0000
100.8000 1.0000 0.0000
100.8200 1.0000 0.0000
100.8400 1.0000 0.0000
100.8600 1.0000 0.0000
100.8800 1.0000 0.0000
100.9000 1.0000 0.0000
100.9200 1.0000 0.0000
100.9400 1.0000 0.0000
100.9600 1.0000 0.0000
100.9800 1.0000 0.0000
101.0000 1.0000 0.0000
101.0200 1.0000 0.0000
101.0400 1.0000 0.0000
101.0600 1.0000 0.0000
101.0800 1.0000 0.0000
101.1000 1.0000 0.0000
101.1200 1.0000 0.0000
101.1400 1.0000 0.0000
101.1600 1.0000 0.0000
101.1800 1.0000 0.0000
101.2000 1.0000 0.0000
101.2200 1.0000 0.0000
101.2400 1.0000 0.0000
101.2600 1.0000 0.0000
101.2800 1.0000 0.0000
101.3000 1.0000 0.0000
101.3200 1.0000 0.0000
101.3400 1.0000 0.0000
101.3600 1.0000 0.0000
101.3800 1.0000 0.0000
101.4000 1.0000 0.0000
101.4200 1.0000 0.0000
101.4400 1.0000 0.0000
101.4600 1.0000 0.0000
101.4800 1.0000 0.0000
101.5000 1.0000 0.0000
101.5200 1.0000 0.0000
101.5400 1.0000 0.0000
101.5600 1.0000 0.0000
101.5800 1.0000 0.0000
101.6000 1.0000 0.0000
101.6200 1.0000 0.0000
101.6400 1.0000 0.0000
101.6600 1.0000 0.0000
101.6800 1.0000 0.0000
101.7000 1.0000 0.0000
101.7200 1.0000 0.0000
101.7400 1.0000 0.0000
101.7600 1.0000 0.0000
101.7800 1.0000 0.0000
101.8000 1.0000 0.0000
101.8200 1.0000 0.0000
101.8400 1.0000 0.0000
101.8600 1.0000 0.0000
101.8800 1.0000 0.0000
101.9000 1.0000 0.0000
101.9200 1.0000 0.0000
101.9400 1.0000 0.0000
101.9600 1.0000 0.0000
101.9800 1.0000 0.0000
102.0000 1.0000 0.0000
102.0200 1.0000 0.0000
102.0400 1.0000 0.0000
102.0600 1.0000 0.0000
102.0800 1.0000 0.0000
102.1000 1.0000 0.0000
102.1200 1.0000 0.0000
102.1400 1.0000 0.0000
102.1600 1.0000 0.0000
102.1800 1.0000 0.0000
102.2000 1.0000 0.0000
102.2200 1.0000 0.0000
102.2400 1.0000 0.0000
102.2600 1.0000 0.0000
102.2800 1.0000 0.0000
102.3000 1.0000 0.0000
102.3200 1.0000 0.0000
102.3400 1.0000 0.0000
102.3600 1.0000 0.0000
102.3800 1.0000 0.0000
102.4000 1.0000 0.0000
102.4200 1.0000 0.0000
102.4400 1.0000 0.0000
102.4600 1.0000 0.0000
102.4800 1.0000 0.0000
102.5000 1.0000 0.0000
102.5200 1.0000 0.0000
102.5400 1.0000 0.0000
102.5600 1.0000 0.0000
102.5800 1.0000 0.0000
102.6000 1.0000 0.0000
102.6200 1.0000 0.0000
102.6400 1.0000 0.0000
102.6600 1.0000 0.0000
102.6800 1.0000 0.0000
102.7000 1.0000 0.0000
102.7200 1.0000 0.0000
102.7400 1.0000 0.0000
102.7600 1.0000 0.0000
102.7800 1.0000 0.0000
102.8000 1.0000 0.0000
102.8200 1.0000 0.0000
102.8400 1.0000 0.0000
102.8600 1.0000 0.0000
102.8800 1.0000 0.0000
102.9000 1.0000 0.0000
102.9200 1.0000 0.0000
102.9400 1.0000 0.0000
102.9600 1.0000 0.0000
102.9800 1.0000 0.0000
103.0000 1.0000 0.0000
103.0200 1.0000 0.0000
103.0400 1.0000 0.0000
103.0600 1.0000 0.0000
103.0800 1.0000 0.0000
103.1000 1.0000 0.0000
103.1200 1.0000 0.0000
103.1400 1.0000 0.0000
103.1600 1.0000 0.0000
103.1800 1.0000 0.0000
103.2000 1.0000 0.0000
103.2200 1.0000 0.0000
103.2400 1.0000 0.0000
103.2600 1.0000 0.0000
103.2800 1.0000 0.0000
103.3000 1.0000 0.0000
103.3200 1.0000 0.0000
103.3400 1.0000 0.0000
103.3600 1.0000 0.0000
103.3800 1.0000 0.0000
103.4000 1.0000 0.0000
103.4200 1.0000 0.0000
103.4400 1.0000 0.0000
103.4600 1.0000 0.0000
103.4800 1.0000 0.0000
103.5000 1.0000 0.0000
103.5200 1.0000 0.0000
103.5400 1.0000 0.0000
103.5600 1.0000 0.0000
103.5800 1.0000 0.0000
103.6000 1.0000 0.0000
103.6200 1.0000 0.0000
103.6400 1.0000 0.0000
103.6600 1.0000 0.0000
103.6800 1.0000 0.0000
103.7000 1.0000 0.0000
103.7200 1.0000 0.0000
103.7400 1.0000 0.0000
103.7600 1.0000 0.0000
103.7800 1.0000 0.0000
103.8000 1.0000 0.0000
103.8200 1.0000 0.0000
103.8400 1.0000 0.0000
103.8600 1.0000 0.0000
103.8800 1.0000 0.0000
103.9000 1.0000 0.0000
103.9200 1.0000 0.0000
103.9400 1.0000 0.0000
103.9600 1.0000 0.0000
103.9800 1.0000 0.0000
104.0000 1.0000 0.0000
104.0200 1.0000 0.0000
104.0400 1.0000 0.0000
104.0600 1.0000 0.0000
104.0800 1.0000 0.0000
104.1000 1.0000 0.0000
104.1200 1.0000 0.0000
104.1400 1.0000 0.0000
104.1600 1.0000 0.0000
104.1800 1.0000 0.0000
104.2000 1.0000 0.0000
104.2200 1.0000 0.0000
104.2400 1.0000 0.0000
104.2600 1.0000 0.0000
104.2800 1.0000 0.0000
104.3000 1.0000 0.0000
104.3200 1.0000 0.0000
104.3400 1.0000 0.0000
104.3600 1.0000 0.0000
104.3800 1.0000 0.0000
104.4000 1.0000 0.0000
104.4200 1.0000 0.0000
104.4400 1.0000 0.0000
104.4600 1.0000 0.0000
104.4800 1.0000 0.0000
104.5000 1.0000 0.0000
104.5200 1.0000 0.0000
104.5400 1.0000 0.0000
104.5600 1.0000 0.0000
104.5800 1.0000 0.0000
104.6000 1.0000 0.0000
104.6200 1.0000 0.0000
104.6400 1.0000 0.0000
104.6600 1.0000 0.0000
104.6800 1.0000 0.0000
104.7000 1.0000 0.0000
104.7200 1.0000 0.0000
104.7400 1.0000 0.0000
104.7600 1.0000 0.0000
104.7800 1.0000 0.0000
104.8000 1.0000 0.0000
104.8200 1.0000 0.0000
104.8400 1.0000 0.0000
104.8600 1.0000 0.0000
104.8800 1.0000 0.0000
104.9000 1.0000 0.0000
104.9200 1.0000 0.0000
104.9400 1.0000 0.0000
104.9600 1.0000 0.0000
104.9800 1.0000 0.0000
105.0000 1.0000 0.0000
105.0200 1.0000 0.0000
105.0400 1.0000 0.0000
105.0600 1.0000 0.0000
105.0800 1.0000 0.0000
105.1000 1.0000 0.0000
105.1200 1.0000 0.0000
105.1400 1.0000 0.0000
105.1600 1.0000 0.0000
105.1800 1.0000 0.0000
105.2000 1.0000 0.0000
105.2200 1.0000 0.0000
105.2400 1.0000 0.0000
105.2600 1.0000 0.0000
105.2800 1.0000 0.0000
105.3000 1.0000 0.0000
105.3200 1.0000 0.0000
105.3400 1.0000 0.0000
105.3600 1.0000 0.0000
105.3800 1.0000 0.0000
105.4000 1.0000 0.0000
105.4200 1.0000 0.0000
105.4400 1.0000 0.0000
105.4600 1.0000 0.0000
105.4800 1.0000 0.0000
105.5000 1.0000 0.0000
105.5200 1.0000 0.0000
105.5400 1.0000 0.0000
105.5600 1.0000 0.0000
105.5800 1.0000 0.0000
105.6000 1.0000 0.0000
105.6200 1.0000 0.0000
105.6400 1.0000 0.0000
105.6600 1.0000 0.0000
105.6800 1.0000 0.0000
105.7000 1.0000 0.0000
105.7200 1.0000 0.0000
105.7400 1.0000 0.0000
105.7600 1.0000 0.0000
105.7800 1.0000 0.0000
105.8000 1.0000 0.0000
105.8200 1.0000 0.0000
105.8400 1.0000 0.0000
105.8600 1.0000 0.0000
105.8800 1.0000 0.0000
105.9000 1.0000 0.0000
105.9200 1.0000 0.0000
105.9400 1.0000 0.0000
105.9600 1.0000 0.0000
105.9800 1.0000 0.0000
106.0000 1.0000 0.0000
106.0200 0.0000 0.0000
106.0400 0.0000 0.0000
106.0600 0.0000 0.0000
106.0800 0.0000 0.0000
106.1000 0.0000 0.0000
106.1200 0.0000 0.0000
106.1400 0.0000 0.0000
106.1600 0.0000 0.0000
106.1800 0.0000 0.0000
106.2000 0.0000 0.0000
106.2200 0.0000 0.0000
106.2400 0.0000 0.0000
106.2600 0.0000 0.0000
106.2800 0.0000 0.0000
106.3000 0.0000 0.0000
106.3200 0.0000 0.0000
106.3400 0.0000 0.0000
106.3600 0.0000 0.0000
106.3800 0.0000 0.0000
106.4000 0.0000 0.0000
106.4200 0.0000 0.0000
106.4400 0.0000 0.0000
106.4600 0.0000 0.0000
106.4800 0.0000 0.0000
106.5000 0.0000 0.0000
106.5200 0.0000 0.0000
106.5400 0.0000 0.0000
106.5600 0.0000 0.0000
106.5800 0.0000 0.0000
106.6000 0.0000 0.0000
106.6200 0.0000 0.0000
106.6400 0.0000 0.0000
106.6600 0.0000 0.0000
106.6800 0.0000 0.0000
106.7000 0.0000 0.0000
106.7200 0.0000 0.0000
106.7400 0.0000 0.0000
106.7600 0.0000 0.0000
106.7800 0.0000 0.0000
106.8000 0.0000 0.0000
106.8200 0.0000 0.0000
106.8400 0.0000 0.0000
106.8600 0.0000 0.0000
106.8800 0.0000 0.0000
106.9000 0.0000 0.0000
106.9200 0.0000 0.0000
106.9400 0.0000 0.0000
106.9600 0.0000 0.0000
106.9800 0.0000 0.0000
107.0000 0.0000 0.0000
107.0200 0.0000 0.0000
107.0400 0.0000 0.0000
107.0600 0.0000 0.0000
107.0800 0.0000 0.0000
107.1000 0.0000 0.0000
107.1200 0.0000 0.0000
107.1400 0.0000 0.0000
107.1600 0.0000 0.0000
107.1800 0.0000 0.0000
107.2000 0.0000 0.0000
107.2200 0.0000 0.0000
107.2400 0.0000 0.0000
107.2600 0.0000 0.0000
107.2800 0.0000 0.0000
107.3000 0.0000 0.0000
107.3200 0.0000 0.0000
107.3400 0.0000 0.0000
107.3600 0.0000 0.0000
107.3800 0.0000 0.0000
107.4000 0.0000 0.0000
107.4200 0.0000 0.0000
107.4400 0.0000 0.0000
107.4600 0.0000 0.0000
107.4800 0.0000 0.0000
107.5000 0.0000 0.0000
107.5200 0.0000 0.0000
107.5400 0.0000 0.0000
107.5600 0.0000 0.0000
107.5800 0.0000 0.0000
107.6000 0.0000 0.0000
107.6200 0.0000 0.0000
107.6400 0.0000 0.0000
107.6600 0.0000 0.0000
107.6800 0.0000 0.0000
107.7000 0.0000 0.0000
107.7200 0.0000 0.0000
107.7400 0.0000 0.0000
107.7600 0.0000 0.0000
107.7800 0.0000 0.0000
107.8000 0.0000 0.0000
107.8200 0.0000 0.0000
107.8400 0.0000 0.0000
107.8600 0.0000 0.0000
107.8800 0.0000 0.0000
107.9000 0.0000 0.0000
107.9200 0.0000 0.0000
107.9400 0.0000 0.0000
107.9600 0.0000 0.0000
107.9800 0.0000 0.0000
108.0000 0.0000 0.0000
108.0200 0.0000 0.0000
108.0400 0.0000 0.0000
108.0600 0.0000 0.0000
108.0800 0.0000 0.0000
108.1000 0.0000 0.0000
108.1200 0.0000 0.0000
108.1400 0.0000 0.0000
108.1600 0.0000 0.0000
108.1800 0.0000 0.0000
108.2000 0.0000 0.0000
108.2200 0.0000 0.0000
108.2400 0.0000 0.0000
108.2600 0.0000 0.0000
108.2800 0.0000 0.0000
108.3000 0.0000 0.0000
108.3200 0.0000 0.0000
108.3400 0.0000 0.0000
108.3600 0.0000 0.0000
108.3800 0.0000 0.0000
108.4000 0.0000 0.0000
108.4200 0.0000 0.0000
108.4400 0.0000 0.0000
108.4600 0.0000 0.0000
108.4800 0.0000 0.0000
108.5000 0.0000 0.0000
108.5200 0.0000 0.0000
108.5400 0.0000 0.0000
108.5600 0.0000 0.0000
108.5800 0.0000 0.0000
108.6000 0.0000 0.0000
108.6200 0.0000 0.0000
108.6400 0.0000 0.0000
108.6600 0.0000 0.0000
108.6800 0.0000 0.0000
108.7000 0.0000 0.0000
108.7200 0.0000 0.0000
108.7400 0.0000 0.0000
108.7600 0.0000 0.0000
108.7800 0.0000 0.0000
108.8000 0.0000 0.0000
108.8200 0.0000 0.0000
108.8400 0.0000 0.0000
108.8600 0.0000 0.0000
108.8800 0.0000 0.0000
108.9000 0.0000 0.0000
108.9200 0.0000 0.0000
108.9400 0.0000 0.0000
108.9600 0.0000 0.0000
108.9800 0.0000 0.0000
109.0000 0.0000 0.0000
109.0200 0.0000 0.0000
109.0400 0.0000 0.0000
109.0600 0.0000 0.0000
109.0800 0.0000 0.0000
109.1000 0.0000 0.0000
109.1200 0.0000 0.0000
109.1400 0.0000 0.0000
109.1600 0.0000 0.0000
109.1800 0.0000 0.0000
109.2000 0.0000 0.0000
109.2200 0.0000 0.0000
109.2400 0.0000 0.0000
109.2600 0.0000 0.0000
109.2800 0.0000 0.0000
109.3000 0.0000 0.0000
109.3200 0.0000 0.0000
109.3400 0.0000 0.0000
109.3600 0.0000 0.0000
109.3800 0.0000 0.0000
109.4000 0.0000 0.0000
109.4200 0.0000 0.0000
109.4400 0.0000 0.0000
109.4600 0.0000 0.0000
109.4800 0.0000 0.0000
109.5000 0.0000 0.0000
109.5200 0.0000 0.0000
109.5400 0.0000 0.0000
109.5600 0.0000 0.0000
109.5800 0.0000 0.0000
109.6000 0.0000 0.0000
109.6200 0.0000 0.0000
109.6400 0.0000 0.0000
109.6600 0.0000 0.0000
109.6800 0.0000 0.0000
109.7000 0.0000 0.0000
109.7200 0.0000 0.0000
109.7400 0.0000 0.0000
109.7600 0.0000 0.0000
109.7800 0.0000 0.0000
109.8000 0.0000 0.0000
109.8200 0.0000 0.0000
109.8400 0.0000 0.0000
109.8600 0.0000 0.0000
109.8800 0.0000 0.0000
109.9000 0.0000 0.0000
109.9200 0.0000 0.0000
109.9400 0.0000 0.0000
109.9600 0.0000 0.0000
109.9800 0.0000 0.0000
110.0000 0.0000 0.0000
110.0200 0.0000 0.0000
110.0400 0.0000 0.0000
110.0600 0.0000 0.0000
110.0800 0.0000 0.0000
110.1000 0.0000 0.0000
110.1200 0.0000 0.0000
110.1400 0.0000 0.0000
110.1600 0.0000 0.0000
110.1800 0.0000 0.0000
110.2000 0.0000 0.0000
110.2200 0.0000 0.0000
110.2400 0.0000 0.0000
110.2600 0.0000 0.0000
110.2800 0.0000 0.0000
110.3000 0.0000 0.0000
110.3200 0.0000 0.0000
110.3400 0.0000 0.0000
110.3600 0.0000 0.0000
110.3800 0.0000 0.0000
110.4000 0.0000 0.0000
110.4200 0.0000 0.0000
110.4400 0.0000 0.0000
110.4600 0.0000 0.0000
110.4800 0.0000 0.0000
110.5000 0.0000 0.0000
110.5200 0.0000 0.0000
110.5400 0.0000 0.0000
110.5600 0.0000 0.0000
110.5800 0.0000 0.0000
110.6000 0.0000 0.0000
110.6200 0.0000 0.0000
110.6400 0.0000 0.0000
110.6600 0.0000 0.0000
110.6800 0.0000 0.0000
110.7000 0.0000 0.0000
110.7200 0.0000 0.0000
110.7400 0.0000 0.0000
110.7600 0.0000 0.0000
110.7800 0.0000 0.0000
110.8000 0.0000 0.0000
110.8200 0.0000 0.0000
110.8400 0.0000 0.0000
110.8600 0.0000 0.0000
110.8800 0.0000 0.0000
110.9000 0.0000 0.0000
110.9200 0.0000 0.0000
110.9400 0.0000 0.0000
110.9600 0.0000 0.0000
110.9800 0.0000 0.0000
111.0000 0.0000 0.0000
111.0200 0.0000 0.0000
111.0400 0.0000 0.0000
111.0600 0.0000 0.0000
111.0800 0.0000 0.0000
111.1000 0.0000 0.0000
111.1200 0.0000 0.0000
111.1400 0.0000 0.0000
111.1600 0.0000 0.0000
111.1800 0.0000 0.0000
111.2000 0.0000 0.0000
111.2200 0.0000 0.0000
111.2400 0.0000 0.0000
111.2600 0.0000 0.0000
111.2800 0.0000 0.0000
111.3000 0.0000 0.0000
111.3200 0.0000 0.0000
111.3400 0.0000 0.0000
111.3600 0.0000 0.0000
111.3800 0.0000 0.0000
111.4000 0.0000 0.0000
111.4200 0.0000 0.0000
111.4400 0.0000 0.0000
111.4600 0.0000 0.0000
111.4800 0.0000 0.0000
111.5000 0.0000 0.0000
111.5200 0.0000 0.0000
111.5400 0.0000 0.0000
111.5600 0.0000 0.0000
111.5800 0.0000 0.0000
111.6000 0.0000 0.0000
111.6200 0.0000 0.0000
111.6400 0.0000 0.0000
111.6600 0.0000 0.0000
111.6800 0.0000 0.0000
111.7000 0.0000 0.0000
111.7200 0.0000 0.0000
111.7400 0.0000 0.0000
111.7600 0.0000 0.0000
111.7800 0.0000 0.0000
111.8000 0.0000 0.0000
111.8200 0.0000 0.0000
111.8400 0.0000 0.0000
111.8600 0.0000 0.0000
111.8800 0.0000 0.0000
111.9000 0.0000 0.0000
111.9200 0.0000 0.0000
111.9400 0.0000 0.0000
111.9600 0.0000 0.0000
111.9800 0.0000 0.0000
112.0000 0.0000 0.0000
112.0200 0.0000 0.0000
112.0400 0.0000 0.0000
112.0600 0.0000 0.0000
112.0800 0.0000 0.0000
112.1000 0.0000 0.0000
112.1200 0.0000 0.0000
112.1400 0.0000 0.0000
112.1600 0.0000 0.0000
112.1800 0.0000 0.0000
112.2000 0.0000 0.0000
112.2200 0.0000 0.0000
112.2400 0.0000 0.0000
112.2600 0.0000 0.0000
112.2800 0.0000 0.0000
112.3000 0.0000 0.0000
112.3200 0.0000 0.0000
112.3400 0.0000 0.0000
112.3600 0.0000 0.0000
112.3800 0.0000 0.0000
112.4000 0.0000 0.0000
112.4200 0.0000 0.0000
112.4400 0.0000 0.0000
112.4600 0.0000 0.0000
112.4800 0.0000 0.0000
112.5000 0.0000 0.0000
112.5200 0.0000 0.0000
112.5400 0.0000 0.0000
112.5600 0.0000 0.0000
112.5800 0.0000 0.0000
112.6000 0.0000 0.0000
112.6200 0.0000 0.0000
112.6400 0.0000 0.0000
112.6600 0.0000 0.0000
112.6800 0.0000 0.0000
112.7000 0.0000 0.0000
112.7200 0.0000 0.0000
112.7400 0.0000 0.0000
112.7600 0.0000 0.0000
112.7800 0.0000 0.0000
112.8000 0.0000 0.0000
112.8200 0.0000 0.0000
112.8400 0.0000 0.0000
112.8600 0.0000 0.0000
112.8800 0.0000 0.0000
112.9000 0.0000 0.0000
112.9200 0.0000 0.0000
112.9400 0.0000 0.0000
112.9600 0.0000 0.0000
112.9800 0.0000 0.0000
113.0000 0.0000 0.0000
113.0200 0.0000 0.0000
113.0400 0.0000 0.0000
113.0600 0.0000 0.0000
113.0800 0.0000 0.0000
113.1000 0.0000 0.0000
113.1200 0.0000 0.0000
113.1400 0.0000 0.0000
113.1600 0.0000 0.0000
113.1800 0.0000 0.0000
113.2000 0.0000 0.0000
113.2200 0.0000 0.0000
113.2400 0.0000 0.0000
113.2600 0.0000 0.0000
113.2800 0.0000 0.0000
113.3000 0.0000 0.0000
113.3200 0.0000 0.0000
113.3400 0.0000 0.0000
113.3600 0.0000 0.0000
113.3800 0.0000 0.0000
113.4000 0.0000 0.0000
113.4200 0.0000 0.0000
113.4400 0.0000 0.0000
113.4600 0.0000 0.0000
113.4800 0.0000 0.0000
113.5000 0.0000 0.0000
113.5200 0.0000 0.0000
113.5400 0.0000 0.0000
113.5600 0.0000 0.0000
113.5800 0.0000 0.0000
113.6000 0.0000 0.0000
113.6200 0.0000 0.0000
113.6400 0.0000 0.0000
113.6600 0.0000 0.0000
113.6800 0.0000 0.0000
113.7000 0.0000 0.0000
113.7200 0.0000 0.0000
113.7400 0.0000 0.0000
113.7600 0.0000 0.0000
113.7800 0.0000 0.0000
113.8000 0.0000 0.0000
113.8200 0.0000 0.0000
113.8400 0.0000 0.0000
113.8600 0.0000 0.0000
113.8800 0.0000 0.0000
113.9000 0.0000 0.0000
113.9200 0.0000 0.0000
113.9400 0.0000 0.0000
113.9600 0.0000 0.0000
113.9800 0.0000 0.0000
114.0000 0.0000 0.0000
114.0200 0.0000 0.0000
114.0400 0.0000 0.0000
114.0600 0.0000 0.0000
114.0800 0.0000 0.0000
114.1000 0.0000 0.0000
114.1200 0.0000 0.0000
114.1400 0.0000 0.0000
114.1600 0.0000 0.0000
114.1800 0.0000 0.0000
114.2000 0.0000 0.0000
114.2200 0.0000 0.0000
114.2400 0.0000 0.0000
114.2600 0.0000 0.0000
114.2800 0.0000 0.0000
114.3000 0.0000 0.0000
114.3200 0.0000 0.0000
114.3400 0.0000 0.0000
114.3600 0.0000 0.0000
114.3800 0.0000 0.0000
114.4000 0.0000 0.0000
114.4200 0.0000 0.0000
114.4400 0.0000 0.0000
114.4600 0.0000 0.0000
114.4800 0.0000 0.0000
114.5000 0.0000 0.0000
114.5200 0.0000 0.0000
114.5400 0.0000 0.0000
114.5600 0.0000 0.0000
114.5800 0.0000 0.0000
114.6000 0.0000 0.0000
114.6200 0.0000 0.0000
114.6400 0.0000 0.0000
114.6600 0.0000 0.0000
114.6800 0.0000 0.0000
114.7000 0.0000 0.0000
114.7200 0.0000 0.0000
114.7400 0.0000 0.0000
114.7600 0.0000 0.0000
114.7800 0.0000 0.0000
114.8000 0.0000 0.0000
114.8200 0.0000 0.0000
114.8400 0.0000 0.0000
114.8600 0.0000 0.0000
114.8800 0.0000 0.0000
114.9000 0.0000 0.0000
114.9200 0.0000 0.0000
114.9400 0.0000 0.0000
114.9600 0.0000 0.0000
114.9800 0.0000 0.0000
115.0000 0.0000 0.0000
115.0200 0.0000 0.0000
115.0400 0.0000 0.0000
115.0600 0.0000 0.0000
115.0800 0.0000 0.0000
115.1000 0.0000 0.0000
115.1200 0.0000 0.0000
115.1400 0.0000 0.0000
115.1600 0.0000 0.0000
115.1800 0.0000 0.0000
115.2000 0.0000 0.0000
115.2200 0.0000 0.0000
115.2400 0.0000 0.0000
115.2600 0.0000 0.0000
115.2800 0.0000 0.0000
115.3000 0.0000 0.0000
115.3200 0.0000 0.0000
115.3400 0.0000 0.0000
115.3600 0.0000 0.0000
115.3800 0.0000 0.0000
115.4000 0.0000 0.0000
115.4200 0.0000 0.0000
115.4400 0.0000 0.0000
115.4600 0.0000 0.0000
115.4800 0.0000 0.0000
115.5000 0.0000 0.0000
115.5200 0.0000 0.0000
115.5400 0.0000 0.0000
115.5600 0.0000 0.0000
115.5800 0.0000 0.0000
115.6000 0.0000 0.0000
115.6200 0.0000 0.0000
115.6400 0.0000 0.0000
115.6600 0.0000 0.0000
115.6800 0.0000 0.0000
115.7000 0.0000 0.0000
115.7200 0.0000 0.0000
115.7400 0.0000 0.0000
115.7600 0.0000 0.0000
115.7800 0.0000 0.0000
115.8000 0.0000 0.0000
115.8200 0.0000 0.0000
115.8400 0.0000 0.0000
115.8600 0.0000 0.0000
115.8800 0.0000 0.0000
115.9000 0.0000 0.0000
115.9200 0.0000 0.0000
115.9400 0.0000 0.0000
115.9600 0.0000 0.0000
115.9800 0.0000 0.0000
116.0000 0.0000 0.0000
116.0200 0.0000 0.0000
116.0400 0.0000 0.0000
116.0600 0.0000 0.0000
116.0800 0.0000 0.0000
116.1000 0.0000 0.0000
116.1200 0.0000 0.0000
116.1400 0.0000 0.0000
116.1600 0.0000 0.0000
116.1800 0.0000 0.0000
116.2000 0.0000 0.0000
116.2200 0.0000 0.0000
116.2400 0.0000 0.0000
116.2600 0.0000 0.0000
116.2800 0.0000 0.0000
116.3000 0.0000 0.0000
116.3200 0.0000 0.0000
116.3400 0.0000 0.0000
116.3600 0.0000 0.0000
116.3800 0.0000 0.0000
116.4000 0.0000 0.0000
116.4200 0.0000 0.0000
116.4400 0.0000 0.0000
116.4600 0.0000 0.0000
116.4800 0.0000 0.0000
116.5000 0.0000 0.0000
116.5200 0.0000 0.0000
116.5400 0.0000 0.0000
116.5600 0.0000 0.0000
116.5800 0.0000 0.0000
