115.2000 0.0000 0.0000
115.2200 0.0000 0.0000
115.2400 0.0000 0.0000
115.2600 0.0000 0.0000
115.2800 0.0000 0.0000
115.3000 0.0000 0.0000
115.3200 0.0000 0.0000
115.3400 0.0000 0.0000
115.3600 0.0000 0.0000
115.3800 0.0000 0.0000
115.4000 0.0000 0.0000
115.4200 0.0000 0.0000
115.4400 0.0000 0.0000
115.4600 0.0000 0.0000
115.4800 0.0000 0.0000
115.5000 0.0000 0.0000
115.5200 0.0000 0.0000
115.5400 0.0000 0.0000
115.5600 0.0000 0.0000
115.5800 0.0000 0.0000
115.6000 0.0000 0.0000
115.6200 0.0000 0.0000
115.6400 0.0000 0.0000
115.6600 0.0000 0.0000
115.6800 0.0000 0.0000
115.7000 0.0000 0.0000
115.7200 0.0000 0.0000
115.7400 0.0000 0.0000
115.7600 0.0000 0.0000
115.7800 0.0000 0.0000
115.8000 0.0000 0.0000
115.8200 0.0000 0.0000
115.8400 0.0000 0.0000
115.8600 0.0000 0.0000
115.8800 0.0000 0.0000
115.9000 0.0000 0.0000
115.9200 0.0000 0.0000
115.9400 0.0000 0.0000
115.9600 0.0000 0.0000
115.9800 0.0000 0.0000
116.0000 0.0000 0.0000
116.0200 0.0000 0.0000
116.0400 0.0000 0.0000
116.0600 0.0000 0.0000
116.0800 0.0000 0.0000
116.1000 0.0000 0.0000
116.1200 0.0000 0.0000
116.1400 0.0000 0.0000
116.1600 0.0000 0.0000
116.1800 0.0000 0.0000
116.2000 0.0000 0.0000
116.2200 0.0000 0.0000
116.2400 0.0000 0.0000
116.2600 0.0000 0.0000
116.2800 0.0000 0.0000
116.3000 0.0000 0.0000
116.3200 0.0000 0.0000
116.3400 0.0000 0.0000
116.3600 0.0000 0.0000
116.3800 0.0000 0.0000
116.4000 0.0000 0.0000
116.4200 0.0000 0.0000
116.4400 0.0000 0.0000
116.4600 0.0000 0.0000
116.4800 0.0000 0.0000
116.5000 0.0000 0.0000
116.5200 0.0000 0.0000
116.5400 0.0000 0.0000
116.5600 0.0000 0.0000
116.5800 0.0000 0.0000
116.6000 0.0000 0.0000
116.6200 0.0000 0.0000
116.6400 0.0000 0.0000
116.6600 0.0000 0.0000
116.6800 0.0000 0.0000
116.7000 0.0000 0.0000
116.7200 0.0000 0.0000
116.7400 0.0000 0.0000
116.7600 0.0000 0.0000
116.7800 0.0000 0.0000
116.8000 0.0000 0.0000
116.8200 0.0000 0.0000
116.8400 0.0000 0.0000
116.8600 0.0000 0.0000
116.8800 0.0000 0.0000
116.9000 0.0000 0.0000
116.9200 0.0000 0.0000
116.9400 0.0000 0.0000
116.9600 0.0000 0.0000
116.9800 0.0000 0.0000
117.0000 0.0000 0.0000
117.0200 0.0000 0.0000
117.0400 0.0000 0.0000
117.0600 0.0000 0.0000
117.0800 0.0000 0.0000
117.1000 0.0000 0.0000
117.1200 0.0000 0.0000
117.1400 0.0000 0.0000
117.1600 0.0000 0.0000
117.1800 0.0000 0.0000
117.2000 0.0000 0.0000
117.2200 0.0000 0.0000
117.2400 0.0000 0.0000
117.2600 0.0000 0.0000
117.2800 0.0000 0.0000
117.3000 0.0000 0.0000
117.3200 0.0000 0.0000
117.3400 0.0000 0.0000
117.3600 0.0000 0.0000
117.3800 0.0000 0.0000
117.4000 0.0000 0.0000
117.4200 0.0000 0.0000
117.4400 0.0000 0.0000
117.4600 0.0000 0.0000
117.4800 0.0000 0.0000
117.5000 0.0000 0.0000
117.5200 0.0000 0.0000
117.5400 0.0000 0.0000
117.5600 0.0000 0.0000
117.5800 0.0000 0.0000
117.6000 0.0000 0.0000
117.6200 0.0000 0.0000
117.6400 0.0000 0.0000
117.6600 0.0000 0.0000
117.6800 0.0000 0.0000
117.7000 0.0000 0.0000
117.7200 0.0000 0.0000
117.7400 0.0000 0.0000
117.7600 0.0000 0.0000
117.7800 0.0000 0.0000
117.8000 0.0000 0.0000
117.8200 0.0000 0.0000
117.8400 0.0000 0.0000
117.8600 0.0000 0.0000
117.8800 0.0000 0.0000
117.9000 0.0000 0.0000
117.9200 0.0000 0.0000
117.9400 0.0000 0.0000
117.9600 0.0000 0.0000
117.9800 0.0000 0.0000
118.0000 0.0000 0.0000
118.0200 0.0000 0.0000
118.0400 0.0000 0.0000
118.0600 0.0000 0.0000
118.0800 0.0000 0.0000
118.1000 0.0000 0.0000
118.1200 0.0000 0.0000
118.1400 0.0000 0.0000
118.1600 0.0000 0.0000
118.1800 0.0000 0.0000
118.2000 0.0000 0.0000
118.2200 0.0000 0.0000
118.2400 0.0000 0.0000
118.2600 0.0000 0.0000
118.2800 0.0000 0.0000
118.3000 0.0000 0.0000
118.3200 0.0000 0.0000
118.3400 0.0000 0.0000
118.3600 0.0000 0.0000
118.3800 0.0000 0.0000
118.4000 0.0000 0.0000
118.4200 0.0000 0.0000
118.4400 0.0000 0.0000
118.4600 0.0000 0.0000
118.4800 0.0000 0.0000
118.5000 0.0000 0.0000
118.5200 0.0000 0.0000
118.5400 0.0000 0.0000
118.5600 0.0000 0.0000
118.5800 0.0000 0.0000
118.6000 0.0000 0.0000
118.6200 0.0000 0.0000
118.6400 0.0000 0.0000
118.6600 0.0000 0.0000
118.6800 0.0000 0.0000
118.7000 0.0000 0.0000
118.7200 0.0000 0.0000
118.7400 0.0000 0.0000
118.7600 0.0000 0.0000
118.7800 0.0000 0.0000
118.8000 0.0000 0.0000
118.8200 0.0000 0.0000
118.8400 0.0000 0.0000
118.8600 0.0000 0.0000
118.8800 0.0000 0.0000
118.9000 0.0000 0.0000
118.9200 0.0000 0.0000
118.9400 0.0000 0.0000
118.9600 0.0000 0.0000
118.9800 0.0000 0.0000
119.0000 0.0000 0.0000
119.0200 0.0000 0.0000
119.0400 0.0000 0.0000
119.0600 0.0000 0.0000
119.0800 0.0000 0.0000
119.1000 0.0000 0.0000
119.1200 0.0000 0.0000
119.1400 0.0000 0.0000
119.1600 0.0000 0.0000
119.1800 0.0000 0.0000
119.2000 0.0000 0.0000
119.2200 0.0000 0.0000
119.2400 0.0000 0.0000
119.2600 0.0000 0.0000
119.2800 0.0000 0.0000
119.3000 0.0000 0.0000
119.3200 0.0000 0.0000
119.3400 0.0000 0.0000
119.3600 0.0000 0.0000
119.3800 0.0000 0.0000
119.4000 0.0000 0.0000
119.4200 0.0000 0.0000
119.4400 0.0000 0.0000
119.4600 0.0000 0.0000
119.4800 0.0000 0.0000
119.5000 0.0000 0.0000
119.5200 0.0000 0.0000
119.5400 0.0000 0.0000
119.5600 0.0000 0.0000
119.5800 0.0000 0.0000
119.6000 0.0000 0.0000
119.6200 0.0000 0.0000
119.6400 0.0000 0.0000
119.6600 0.0000 0.0000
119.6800 0.0000 0.0000
119.7000 0.0000 0.0000
119.7200 0.0000 0.0000
119.7400 0.0000 0.0000
119.7600 0.0000 0.0000
119.7800 0.0000 0.0000
119.8000 0.0000 0.0000
119.8200 0.0000 0.0000
119.8400 0.0000 0.0000
119.8600 0.0000 0.0000
119.8800 0.0000 0.0000
119.9000 0.0000 0.0000
119.9200 0.0000 0.0000
119.9400 0.0000 0.0000
119.9600 0.0000 0.0000
119.9800 0.0000 0.0000
120.0000 0.0000 0.0000
120.0200 0.0000 0.0000
120.0400 0.0000 0.0000
120.0600 0.0000 0.0000
120.0800 0.0000 0.0000
120.1000 0.0000 0.0000
120.1200 0.0000 0.0000
120.1400 0.0000 0.0000
120.1600 0.0000 0.0000
120.1800 0.0000 0.0000
120.2000 0.0000 0.0000
120.2200 0.0000 0.0000
120.2400 0.0000 0.0000
120.2600 0.0000 0.0000
120.2800 0.0000 0.0000
120.3000 0.0000 0.0000
120.3200 0.0000 0.0000
120.3400 0.0000 0.0000
120.3600 0.0000 0.0000
120.3800 0.0000 0.0000
120.4000 0.0000 0.0000
120.4200 0.0000 0.0000
120.4400 0.0000 0.0000
120.4600 0.0000 0.0000
120.4800 0.0000 0.0000
120.5000 0.0000 0.0000
120.5200 0.0000 0.0000
120.5400 0.0000 0.0000
120.5600 0.0000 0.0000
120.5800 0.0000 0.0000
120.6000 0.0000 0.0000
120.6200 0.0000 0.0000
120.6400 0.0000 0.0000
120.6600 0.0000 0.0000
120.6800 0.0000 0.0000
120.7000 0.0000 0.0000
120.7200 0.0000 0.0000
120.7400 0.0000 0.0000
120.7600 0.0000 0.0000
120.7800 0.0000 0.0000
120.8000 0.0000 0.0000
120.8200 0.0000 0.0000
120.8400 0.0000 0.0000
120.8600 0.0000 0.0000
120.8800 0.0000 0.0000
120.9000 0.0000 0.0000
120.9200 0.0000 0.0000
120.9400 0.0000 0.0000
120.9600 0.0000 0.0000
120.9800 0.0000 0.0000
121.0000 0.0000 0.0000
121.0200 0.0000 0.0000
121.0400 0.0000 0.0000
121.0600 0.0000 0.0000
121.0800 0.0000 0.0000
121.1000 0.0000 0.0000
121.1200 0.0000 0.0000
121.1400 0.0000 0.0000
121.1600 0.0000 0.0000
121.1800 0.0000 0.0000
121.2000 0.0000 0.0000
121.2200 0.0000 0.0000
121.2400 0.0000 0.0000
121.2600 0.0000 0.0000
121.2800 0.0000 0.0000
121.3000 0.0000 0.0000
121.3200 0.0000 0.0000
121.3400 0.0000 0.0000
121.3600 0.0000 0.0000
121.3800 0.0000 0.0000
121.4000 0.0000 0.0000
121.4200 0.0000 0.0000
121.4400 0.0000 0.0000
121.4600 0.0000 0.0000
121.4800 0.0000 0.0000
121.5000 0.0000 0.0000
121.5200 0.0000 0.0000
121.5400 0.0000 0.0000
121.5600 0.0000 0.0000
121.5800 0.0000 0.0000
121.6000 0.0000 0.0000
121.6200 0.0000 0.0000
121.6400 0.0000 0.0000
121.6600 0.0000 0.0000
121.6800 0.0000 0.0000
121.7000 0.0000 0.0000
121.7200 0.0000 0.0000
121.7400 0.0000 0.0000
121.7600 0.0000 0.0000
121.7800 0.0000 0.0000
121.8000 0.0000 0.0000
121.8200 0.0000 0.0000
121.8400 0.0000 0.0000
121.8600 0.0000 0.0000
121.8800 0.0000 0.0000
121.9000 0.0000 0.0000
121.9200 0.0000 0.0000
121.9400 0.0000 0.0000
121.9600 0.0000 0.0000
121.9800 0.0000 0.0000
122.0000 0.0000 0.0000
122.0200 0.0000 0.0000
122.0400 0.0000 0.0000
122.0600 0.0000 0.0000
122.0800 0.0000 0.0000
122.1000 0.0000 0.0000
122.1200 0.0000 0.0000
122.1400 0.0000 0.0000
122.1600 0.0000 0.0000
122.1800 0.0000 0.0000
122.2000 0.0000 0.0000
122.2200 0.0000 0.0000
122.2400 0.0000 0.0000
122.2600 0.0000 0.0000
122.2800 0.0000 0.0000
122.3000 0.0000 0.0000
122.3200 0.0000 0.0000
122.3400 0.0000 0.0000
122.3600 0.0000 0.0000
122.3800 0.0000 0.0000
122.4000 0.0000 0.0000
122.4200 0.0000 0.0000
122.4400 0.0000 0.0000
122.4600 0.0000 0.0000
122.4800 0.0000 0.0000
122.5000 0.0000 0.0000
122.5200 0.0000 0.0000
122.5400 0.0000 0.0000
122.5600 0.0000 0.0000
122.5800 0.0000 0.0000
122.6000 0.0000 0.0000
122.6200 0.0000 0.0000
122.6400 0.0000 0.0000
122.6600 0.0000 0.0000
122.6800 0.0000 0.0000
122.7000 0.0000 0.0000
122.7200 0.0000 0.0000
122.7400 0.0000 0.0000
122.7600 0.0000 0.0000
122.7800 0.0000 0.0000
122.8000 0.0000 0.0000
122.8200 0.0000 0.0000
122.8400 0.0000 0.0000
122.8600 0.0000 0.0000
122.8800 0.0000 0.0000
122.9000 0.0000 0.0000
122.9200 0.0000 0.0000
122.9400 0.0000 0.0000
122.9600 0.0000 0.0000
122.9800 0.0000 0.0000
123.0000 0.0000 0.0000
123.0200 0.0000 0.0000
123.0400 0.0000 0.0000
123.0600 0.0000 0.0000
123.0800 0.0000 0.0000
123.1000 0.0000 0.0000
123.1200 0.0000 0.0000
123.1400 0.0000 0.0000
123.1600 0.0000 0.0000
123.1800 0.0000 0.0000
123.2000 0.0000 0.0000
123.2200 0.0000 0.0000
123.2400 0.0000 0.0000
123.2600 0.0000 0.0000
123.2800 0.0000 0.0000
123.3000 0.0000 0.0000
123.3200 0.0000 0.0000
123.3400 0.0000 0.0000
123.3600 0.0000 0.0000
123.3800 0.0000 0.0000
123.4000 0.0000 0.0000
123.4200 0.0000 0.0000
123.4400 0.0000 0.0000
123.4600 0.0000 0.0000
123.4800 0.0000 0.0000
123.5000 0.0000 0.0000
123.5200 0.0000 0.0000
123.5400 0.0000 0.0000
123.5600 0.0000 0.0000
123.5800 0.0000 0.0000
123.6000 0.0000 0.0000
123.6200 0.0000 0.0000
123.6400 0.0000 0.0000
123.6600 0.0000 0.0000
123.6800 0.0000 0.0000
123.7000 0.0000 0.0000
123.7200 0.0000 0.0000
123.7400 0.0000 0.0000
123.7600 0.0000 0.0000
123.7800 0.0000 0.0000
123.8000 0.0000 0.0000
123.8200 0.0000 0.0000
123.8400 0.0000 0.0000
123.8600 0.0000 0.0000
123.8800 0.0000 0.0000
123.9000 0.0000 0.0000
123.9200 0.0000 0.0000
123.9400 0.0000 0.0000
123.9600 0.0000 0.0000
123.9800 0.0000 0.0000
124.0000 0.0000 0.0000
124.0200 0.0000 0.0000
124.0400 0.0000 0.0000
124.0600 0.0000 0.0000
124.0800 0.0000 0.0000
124.1000 0.0000 0.0000
124.1200 0.0000 0.0000
124.1400 0.0000 0.0000
124.1600 0.0000 0.0000
124.1800 0.0000 0.0000
124.2000 0.0000 0.0000
124.2200 0.0000 0.0000
124.2400 0.0000 0.0000
124.2600 0.0000 0.0000
124.2800 0.0000 0.0000
124.3000 0.0000 0.0000
124.3200 0.0000 0.0000
124.3400 0.0000 0.0000
124.3600 0.0000 0.0000
124.3800 0.0000 0.0000
124.4000 0.0000 0.0000
124.4200 0.0000 0.0000
124.4400 0.0000 0.0000
124.4600 0.0000 0.0000
124.4800 0.0000 0.0000
124.5000 0.0000 0.0000
124.5200 0.0000 0.0000
124.5400 0.0000 0.0000
124.5600 0.0000 0.0000
124.5800 0.0000 0.0000
124.6000 0.0000 0.0000
124.6200 0.0000 0.0000
124.6400 0.0000 0.0000
124.6600 0.0000 0.0000
124.6800 0.0000 0.0000
124.7000 0.0000 0.0000
124.7200 0.0000 0.0000
124.7400 0.0000 0.0000
124.7600 0.0000 0.0000
124.7800 0.0000 0.0000
124.8000 0.0000 0.0000
124.8200 0.0000 0.0000
124.8400 0.0000 0.0000
124.8600 0.0000 0.0000
124.8800 0.0000 0.0000
124.9000 0.0000 0.0000
124.9200 0.0000 0.0000
124.9400 0.0000 0.0000
124.9600 0.0000 0.0000
124.9800 0.0000 0.0000
125.0000 0.0000 0.0000
125.0200 0.0000 0.0000
125.0400 0.0000 0.0000
125.0600 0.0000 0.0000
125.0800 0.0000 0.0000
125.1000 0.0000 0.0000
125.1200 0.0000 0.0000
125.1400 0.0000 0.0000
125.1600 0.0000 0.0000
125.1800 0.0000 0.0000
125.2000 0.0000 0.0000
125.2200 0.0000 0.0000
125.2400 0.0000 0.0000
125.2600 0.0000 0.0000
125.2800 0.0000 0.0000
125.3000 0.0000 0.0000
125.3200 0.0000 0.0000
125.3400 0.0000 0.0000
125.3600 0.0000 0.0000
125.3800 0.0000 0.0000
125.4000 0.0000 0.0000
125.4200 0.0000 0.0000
125.4400 0.0000 0.0000
125.4600 0.0000 0.0000
125.4800 0.0000 0.0000
125.5000 0.0000 0.0000
125.5200 0.0000 0.0000
125.5400 0.0000 0.0000
125.5600 0.0000 0.0000
125.5800 0.0000 0.0000
125.6000 0.0000 0.0000
125.6200 0.0000 0.0000
125.6400 0.0000 0.0000
125.6600 0.0000 0.0000
125.6800 0.0000 0.0000
125.7000 0.0000 0.0000
125.7200 0.0000 0.0000
125.7400 0.0000 0.0000
125.7600 0.0000 0.0000
125.7800 0.0000 0.0000
125.8000 0.0000 0.0000
125.8200 0.0000 0.0000
125.8400 0.0000 0.0000
125.8600 0.0000 0.0000
125.8800 0.0000 0.0000
125.9000 0.0000 0.0000
125.9200 0.0000 0.0000
125.9400 0.0000 0.0000
125.9600 0.0000 0.0000
125.9800 0.0000 0.0000
126.0000 0.0000 0.0000
126.0200 0.0000 0.0000
126.0400 0.0000 0.0000
126.0600 0.0000 0.0000
126.0800 0.0000 0.0000
126.1000 0.0000 0.0000
126.1200 0.0000 0.0000
126.1400 0.0000 0.0000
126.1600 0.0000 0.0000
126.1800 0.0000 0.0000
126.2000 0.0000 0.0000
126.2200 0.0000 0.0000
126.2400 0.0000 0.0000
126.2600 0.0000 0.0000
126.2800 0.0000 0.0000
126.3000 0.0000 0.0000
126.3200 0.0000 0.0000
126.3400 0.0000 0.0000
126.3600 0.0000 0.0000
126.3800 0.0000 0.0000
126.4000 0.0000 0.0000
126.4200 0.0000 0.0000
126.4400 0.0000 0.0000
126.4600 0.0000 0.0000
126.4800 0.0000 0.0000
126.5000 0.0000 0.0000
126.5200 0.0000 0.0000
126.5400 0.0000 0.0000
126.5600 0.0000 0.0000
126.5800 0.0000 0.0000
126.6000 0.0000 0.0000
126.6200 0.0000 0.0000
126.6400 0.0000 0.0000
126.6600 0.0000 0.0000
126.6800 0.0000 0.0000
126.7000 0.0000 0.0000
126.7200 0.0000 0.0000
126.7400 0.0000 0.0000
126.7600 0.0000 0.0000
126.7800 0.0000 0.0000
126.8000 0.0000 0.0000
126.8200 0.0000 0.0000
126.8400 0.0000 0.0000
126.8600 0.0000 0.0000
126.8800 0.0000 0.0000
126.9000 0.0000 0.0000
126.9200 0.0000 0.0000
126.9400 0.0000 0.0000
126.9600 0.0000 0.0000
126.9800 0.0000 0.0000
127.0000 0.0000 0.0000
127.0200 0.0000 0.0000
127.0400 0.0000 0.0000
127.0600 0.0000 0.0000
127.0800 0.0000 0.0000
127.1000 0.0000 0.0000
127.1200 0.0000 0.0000
127.1400 0.0000 0.0000
127.1600 0.0000 0.0000
127.1800 0.0000 0.0000
127.2000 0.0000 0.0000
127.2200 0.0000 0.0000
127.2400 0.0000 0.0000
127.2600 0.0000 0.0000
127.2800 0.0000 0.0000
127.3000 0.0000 0.0000
127.3200 0.0000 0.0000
127.3400 0.0000 0.0000
127.3600 0.0000 0.0000
127.3800 0.0000 0.0000
127.4000 0.0000 0.0000
127.4200 0.0000 0.0000
127.4400 0.0000 0.0000
127.4600 0.0000 0.0000
127.4800 0.0000 0.0000
127.5000 0.0000 0.0000
127.5200 0.0000 0.0000
127.5400 0.0000 0.0000
127.5600 0.0000 0.0000
127.5800 0.0000 0.0000
127.6000 0.0000 0.0000
127.6200 0.0000 0.0000
127.6400 0.0000 0.0000
127.6600 0.0000 0.0000
127.6800 0.0000 0.0000
127.7000 0.0000 0.0000
127.7200 0.0000 0.0000
127.7400 0.0000 0.0000
127.7600 0.0000 0.0000
127.7800 0.0000 0.0000
127.8000 0.0000 0.0000
127.8200 0.0000 0.0000
127.8400 0.0000 0.0000
127.8600 0.0000 0.0000
127.8800 0.0000 0.0000
127.9000 0.0000 0.0000
127.9200 0.0000 0.0000
127.9400 0.0000 0.0000
127.9600 0.0000 0.0000
127.9800 0.0000 0.0000
128.0000 0.0000 0.0000
128.0200 0.5000 0.0000
128.0400 0.5000 0.0000
128.0600 0.5000 0.0000
128.0800 0.5000 0.0000
128.1000 0.5000 0.0000
128.1200 0.5000 0.0000
128.1400 0.5000 0.0000
128.1600 0.5000 0.0000
128.1800 0.5000 0.0000
128.2000 0.5000 0.0000
128.2200 0.5000 0.0000
128.2400 0.5000 0.0000
128.2600 0.5000 0.0000
128.2800 0.5000 0.0000
128.3000 0.5000 0.0000
128.3200 0.5000 0.0000
128.3400 0.5000 0.0000
128.3600 0.5000 0.0000
128.3800 0.5000 0.0000
128.4000 0.5000 0.0000
128.4200 0.5000 0.0000
128.4400 0.5000 0.0000
128.4600 0.5000 0.0000
128.4800 0.5000 0.0000
128.5000 0.5000 0.0000
128.5200 0.5000 0.0000
128.5400 0.5000 0.0000
128.5600 0.5000 0.0000
128.5800 0.5000 0.0000
128.6000 0.5000 0.0000
128.6200 0.5000 0.0000
128.6400 0.5000 0.0000
128.6600 0.5000 0.0000
128.6800 0.5000 0.0000
128.7000 0.5000 0.0000
128.7200 0.5000 0.0000
128.7400 0.5000 0.0000
128.7600 0.5000 0.0000
128.7800 0.5000 0.0000
128.8000 0.5000 0.0000
128.8200 0.5000 0.0000
128.8400 0.5000 0.0000
128.8600 0.5000 0.0000
128.8800 0.5000 0.0000
128.9000 0.5000 0.0000
128.9200 0.5000 0.0000
128.9400 0.5000 0.0000
128.9600 0.5000 0.0000
128.9800 0.5000 0.0000
129.0000 0.5000 0.0000
129.0200 0.5000 0.0000
129.0400 0.5000 0.0000
129.0600 0.5000 0.0000
129.0800 0.5000 0.0000
129.1000 0.5000 0.0000
129.1200 0.5000 0.0000
129.1400 0.5000 0.0000
129.1600 0.5000 0.0000
129.1800 0.5000 0.0000
129.2000 0.5000 0.0000
129.2200 0.5000 0.0000
129.2400 0.5000 0.0000
129.2600 0.5000 0.0000
129.2800 0.5000 0.0000
129.3000 0.5000 0.0000
129.3200 0.5000 0.0000
129.3400 0.5000 0.0000
129.3600 0.5000 0.0000
129.3800 0.5000 0.0000
129.4000 0.5000 0.0000
129.4200 0.5000 0.0000
129.4400 0.5000 0.0000
129.4600 0.5000 0.0000
129.4800 0.5000 0.0000
129.5000 0.5000 0.0000
129.5200 0.5000 0.0000
129.5400 0.5000 0.0000
129.5600 0.5000 0.0000
129.5800 0.5000 0.0000
129.6000 0.5000 0.0000
129.6200 0.5000 0.0000
129.6400 0.5000 0.0000
129.6600 0.5000 0.0000
129.6800 0.5000 0.0000
129.7000 0.5000 0.0000
129.7200 0.5000 0.0000
129.7400 0.5000 0.0000
129.7600 0.5000 0.0000
129.7800 0.5000 0.0000
129.8000 0.5000 0.0000
129.8200 0.5000 0.0000
129.8400 0.5000 0.0000
129.8600 0.5000 0.0000
129.8800 0.5000 0.0000
129.9000 0.5000 0.0000
129.9200 0.5000 0.0000
129.9400 0.5000 0.0000
129.9600 0.5000 0.0000
129.9800 0.5000 0.0000
130.0000 0.5000 0.0000
130.0200 0.5000 0.0000
130.0400 0.5000 0.0000
130.0600 0.5000 0.0000
130.0800 0.5000 0.0000
130.1000 0.5000 0.0000
130.1200 0.5000 0.0000
130.1400 0.5000 0.0000
130.1600 0.5000 0.0000
130.1800 0.5000 0.0000
130.2000 0.5000 0.0000
130.2200 0.5000 0.0000
130.2400 0.5000 0.0000
130.2600 0.5000 0.0000
130.2800 0.5000 0.0000
130.3000 0.5000 0.0000
130.3200 0.5000 0.0000
130.3400 0.5000 0.0000
130.3600 0.5000 0.0000
130.3800 0.5000 0.0000
130.4000 0.5000 0.0000
130.4200 0.5000 0.0000
130.4400 0.5000 0.0000
130.4600 0.5000 0.0000
130.4800 0.5000 0.0000
130.5000 0.5000 0.0000
130.5200 0.5000 0.0000
130.5400 0.5000 0.0000
130.5600 0.5000 0.0000
130.5800 0.5000 0.0000
130.6000 0.5000 0.0000
130.6200 0.5000 0.0000
130.6400 0.5000 0.0000
130.6600 0.5000 0.0000
130.6800 0.5000 0.0000
130.7000 0.5000 0.0000
130.7200 0.5000 0.0000
130.7400 0.5000 0.0000
130.7600 0.5000 0.0000
130.7800 0.5000 0.0000
130.8000 0.5000 0.0000
130.8200 0.5000 0.0000
130.8400 0.5000 0.0000
130.8600 0.5000 0.0000
130.8800 0.5000 0.0000
130.9000 0.5000 0.0000
130.9200 0.5000 0.0000
130.9400 0.5000 0.0000
130.9600 0.5000 0.0000
130.9800 0.5000 0.0000
131.0000 0.5000 0.0000
131.0200 0.5000 0.0000
131.0400 0.5000 0.0000
131.0600 0.5000 0.0000
131.0800 0.5000 0.0000
131.1000 0.5000 0.0000
131.1200 0.5000 0.0000
131.1400 0.5000 0.0000
131.1600 0.5000 0.0000
131.1800 0.5000 0.0000
131.2000 0.5000 0.0000
131.2200 0.5000 0.0000
131.2400 0.5000 0.0000
131.2600 0.5000 0.0000
131.2800 0.5000 0.0000
131.3000 0.5000 0.0000
131.3200 0.5000 0.0000
131.3400 0.5000 0.0000
131.3600 0.5000 0.0000
131.3800 0.5000 0.0000
131.4000 0.5000 0.0000
131.4200 0.5000 0.0000
131.4400 0.5000 0.0000
131.4600 0.5000 0.0000
131.4800 0.5000 0.0000
131.5000 0.5000 0.0000
131.5200 0.5000 0.0000
131.5400 0.5000 0.0000
131.5600 0.5000 0.0000
131.5800 0.5000 0.0000
131.6000 0.5000 0.0000
131.6200 0.5000 0.0000
131.6400 0.5000 0.0000
131.6600 0.5000 0.0000
131.6800 0.5000 0.0000
131.7000 0.5000 0.0000
131.7200 0.5000 0.0000
131.7400 0.5000 0.0000
131.7600 0.5000 0.0000
131.7800 0.5000 0.0000
131.8000 0.5000 0.0000
131.8200 0.5000 0.0000
131.8400 0.5000 0.0000
131.8600 0.5000 0.0000
131.8800 0.5000 0.0000
131.9000 0.5000 0.0000
131.9200 0.5000 0.0000
131.9400 0.5000 0.0000
131.9600 0.5000 0.0000
131.9800 0.5000 0.0000
132.0000 0.5000 0.0000
132.0200 0.5000 0.0000
132.0400 0.5000 0.0000
132.0600 0.5000 0.0000
132.0800 0.5000 0.0000
132.1000 0.5000 0.0000
132.1200 0.5000 0.0000
132.1400 0.5000 0.0000
132.1600 0.5000 0.0000
132.1800 0.5000 0.0000
132.2000 0.5000 0.0000
132.2200 0.5000 0.0000
132.2400 0.5000 0.0000
132.2600 0.5000 0.0000
132.2800 0.5000 0.0000
132.3000 0.5000 0.0000
132.3200 0.5000 0.0000
132.3400 0.5000 0.0000
132.3600 0.5000 0.0000
132.3800 0.5000 0.0000
132.4000 0.5000 0.0000
132.4200 0.5000 0.0000
132.4400 0.5000 0.0000
132.4600 0.5000 0.0000
132.4800 0.5000 0.0000
132.5000 0.5000 0.0000
132.5200 0.5000 0.0000
132.5400 0.5000 0.0000
132.5600 0.5000 0.0000
132.5800 0.5000 0.0000
132.6000 0.5000 0.0000
132.6200 0.5000 0.0000
132.6400 0.5000 0.0000
132.6600 0.5000 0.0000
132.6800 0.5000 0.0000
132.7000 0.5000 0.0000
132.7200 0.5000 0.0000
132.7400 0.5000 0.0000
132.7600 0.5000 0.0000
132.7800 0.5000 0.0000
132.8000 0.5000 0.0000
132.8200 0.5000 0.0000
132.8400 0.5000 0.0000
132.8600 0.5000 0.0000
132.8800 0.5000 0.0000
132.9000 0.5000 0.0000
132.9200 0.5000 0.0000
132.9400 0.5000 0.0000
132.9600 0.5000 0.0000
132.9800 0.5000 0.0000
133.0000 0.5000 0.0000
133.0200 0.5000 0.0000
133.0400 0.5000 0.0000
133.0600 0.5000 0.0000
133.0800 0.5000 0.0000
133.1000 0.5000 0.0000
133.1200 0.5000 0.0000
133.1400 0.5000 0.0000
133.1600 0.5000 0.0000
133.1800 0.5000 0.0000
133.2000 0.5000 0.0000
133.2200 0.5000 0.0000
133.2400 0.5000 0.0000
133.2600 0.5000 0.0000
133.2800 0.5000 0.0000
133.3000 0.5000 0.0000
133.3200 0.5000 0.0000
133.3400 0.5000 0.0000
133.3600 0.5000 0.0000
133.3800 0.5000 0.0000
133.4000 0.5000 0.0000
133.4200 0.5000 0.0000
133.4400 0.5000 0.0000
133.4600 0.5000 0.0000
133.4800 0.5000 0.0000
133.5000 0.5000 0.0000
133.5200 0.5000 0.0000
133.5400 0.5000 0.0000
133.5600 0.5000 0.0000
133.5800 0.5000 0.0000
133.6000 0.5000 0.0000
133.6200 0.5000 0.0000
133.6400 0.5000 0.0000
133.6600 0.5000 0.0000
133.6800 0.5000 0.0000
133.7000 0.5000 0.0000
133.7200 0.5000 0.0000
133.7400 0.5000 0.0000
133.7600 0.5000 0.0000
133.7800 0.5000 0.0000
133.8000 0.5000 0.0000
133.8200 0.5000 0.0000
133.8400 0.5000 0.0000
133.8600 0.5000 0.0000
133.8800 0.5000 0.0000
133.9000 0.5000 0.0000
133.9200 0.5000 0.0000
133.9400 0.5000 0.0000
133.9600 0.5000 0.0000
133.9800 0.5000 0.0000
134.0000 0.5000 0.0000
134.0200 0.5000 0.0000
134.0400 0.5000 0.0000
134.0600 0.5000 0.0000
134.0800 0.5000 0.0000
134.1000 0.5000 0.0000
134.1200 0.5000 0.0000
134.1400 0.5000 0.0000
134.1600 0.5000 0.0000
134.1800 0.5000 0.0000
134.2000 0.5000 0.0000
134.2200 0.5000 0.0000
134.2400 0.5000 0.0000
134.2600 0.5000 0.0000
134.2800 0.5000 0.0000
134.3000 0.5000 0.0000
134.3200 0.5000 0.0000
134.3400 0.5000 0.0000
134.3600 0.5000 0.0000
134.3800 0.5000 0.0000
134.4000 0.5000 0.0000
134.4200 0.5000 0.0000
134.4400 0.5000 0.0000
134.4600 0.5000 0.0000
134.4800 0.5000 0.0000
134.5000 0.5000 0.0000
134.5200 0.5000 0.0000
134.5400 0.5000 0.0000
134.5600 0.5000 0.0000
134.5800 0.5000 0.0000
134.6000 0.5000 0.0000
134.6200 0.5000 0.0000
134.6400 0.5000 0.0000
134.6600 0.5000 0.0000
134.6800 0.5000 0.0000
134.7000 0.5000 0.0000
134.7200 0.5000 0.0000
134.7400 0.5000 0.0000
134.7600 0.5000 0.0000
134.7800 0.5000 0.0000
134.8000 0.5000 0.0000
134.8200 0.5000 0.0000
134.8400 0.5000 0.0000
134.8600 0.5000 0.0000
134.8800 0.5000 0.0000
134.9000 0.5000 0.0000
134.9200 0.5000 0.0000
134.9400 0.5000 0.0000
134.9600 0.5000 0.0000
134.9800 0.5000 0.0000
135.0000 0.5000 0.0000
135.0200 0.5000 0.0000
135.0400 0.5000 0.0000
135.0600 0.5000 0.0000
135.0800 0.5000 0.0000
135.1000 0.5000 0.0000
135.1200 0.5000 0.0000
135.1400 0.5000 0.0000
135.1600 0.5000 0.0000
135.1800 0.5000 0.0000
135.2000 0.5000 0.0000
135.2200 0.5000 0.0000
135.2400 0.5000 0.0000
135.2600 0.5000 0.0000
135.2800 0.5000 0.0000
135.3000 0.5000 0.0000
135.3200 0.5000 0.0000
135.3400 0.5000 0.0000
135.3600 0.5000 0.0000
135.3800 0.5000 0.0000
135.4000 0.5000 0.0000
135.4200 0.5000 0.0000
135.4400 0.5000 0.0000
135.4600 0.5000 0.0000
135.4800 0.5000 0.0000
135.5000 0.5000 0.0000
135.5200 0.5000 0.0000
135.5400 0.5000 0.0000
135.5600 0.5000 0.0000
135.5800 0.5000 0.0000
135.6000 0.5000 0.0000
135.6200 0.5000 0.0000
135.6400 0.5000 0.0000
135.6600 0.5000 0.0000
135.6800 0.5000 0.0000
135.7000 0.5000 0.0000
135.7200 0.5000 0.0000
135.7400 0.5000 0.0000
135.7600 0.5000 0.0000
135.7800 0.5000 0.0000
135.8000 0.5000 0.0000
135.8200 0.5000 0.0000
135.8400 0.5000 0.0000
135.8600 0.5000 0.0000
135.8800 0.5000 0.0000
135.9000 0.5000 0.0000
135.9200 0.5000 0.0000
135.9400 0.5000 0.0000
135.9600 0.5000 0.0000
135.9800 0.5000 0.0000
136.0000 0.5000 0.0000
136.0200 0.5000 0.0000
136.0400 0.5000 0.0000
136.0600 0.5000 0.0000
136.0800 0.5000 0.0000
136.1000 0.5000 0.0000
136.1200 0.5000 0.0000
136.1400 0.5000 0.0000
136.1600 0.5000 0.0000
136.1800 0.5000 0.0000
136.2000 0.5000 0.0000
136.2200 0.5000 0.0000
136.2400 0.5000 0.0000
136.2600 0.5000 0.0000
136.2800 0.5000 0.0000
136.3000 0.5000 0.0000
136.3200 0.5000 0.0000
136.3400 0.5000 0.0000
136.3600 0.5000 0.0000
136.3800 0.5000 0.0000
136.4000 0.5000 0.0000
136.4200 0.5000 0.0000
136.4400 0.5000 0.0000
136.4600 0.5000 0.0000
136.4800 0.5000 0.0000
136.5000 0.5000 0.0000
136.5200 0.5000 0.0000
136.5400 0.5000 0.0000
136.5600 0.5000 0.0000
136.5800 0.5000 0.0000
136.6000 0.5000 0.0000
136.6200 0.5000 0.0000
136.6400 0.5000 0.0000
136.6600 0.5000 0.0000
136.6800 0.5000 0.0000
136.7000 0.5000 0.0000
136.7200 0.5000 0.0000
136.7400 0.5000 0.0000
136.7600 0.5000 0.0000
136.7800 0.5000 0.0000
136.8000 0.5000 0.0000
136.8200 0.5000 0.0000
136.8400 0.5000 0.0000
136.8600 0.5000 0.0000
136.8800 0.5000 0.0000
136.9000 0.5000 0.0000
136.9200 0.5000 0.0000
136.9400 0.5000 0.0000
136.9600 0.5000 0.0000
136.9800 0.5000 0.0000
137.0000 0.5000 0.0000
137.0200 0.5000 0.0000
137.0400 0.5000 0.0000
137.0600 0.5000 0.0000
137.0800 0.5000 0.0000
137.1000 0.5000 0.0000
137.1200 0.5000 0.0000
137.1400 0.5000 0.0000
137.1600 0.5000 0.0000
137.1800 0.5000 0.0000
137.2000 0.5000 0.0000
137.2200 0.5000 0.0000
137.2400 0.5000 0.0000
137.2600 0.5000 0.0000
137.2800 0.5000 0.0000
137.3000 0.5000 0.0000
137.3200 0.5000 0.0000
137.3400 0.5000 0.0000
137.3600 0.5000 0.0000
137.3800 0.5000 0.0000
137.4000 0.5000 0.0000
137.4200 0.5000 0.0000
137.4400 0.5000 0.0000
137.4600 0.5000 0.0000
137.4800 0.5000 0.0000
137.5000 0.5000 0.0000
137.5200 0.5000 0.0000
137.5400 0.5000 0.0000
137.5600 0.5000 0.0000
137.5800 0.5000 0.0000
137.6000 0.5000 0.0000
137.6200 0.5000 0.0000
137.6400 0.5000 0.0000
137.6600 0.5000 0.0000
137.6800 0.5000 0.0000
137.7000 0.5000 0.0000
137.7200 0.5000 0.0000
137.7400 0.5000 0.0000
137.7600 0.5000 0.0000
137.7800 0.5000 0.0000
137.8000 0.5000 0.0000
137.8200 0.5000 0.0000
137.8400 0.5000 0.0000
137.8600 0.5000 0.0000
137.8800 0.5000 0.0000
137.9000 0.5000 0.0000
137.9200 0.5000 0.0000
137.9400 0.5000 0.0000
137.9600 0.5000 0.0000
137.9800 0.5000 0.0000
138.0000 0.5000 0.0000
138.0200 0.5000 0.0000
138.0400 0.5000 0.0000
138.0600 0.5000 0.0000
138.0800 0.5000 0.0000
138.1000 0.5000 0.0000
138.1200 0.5000 0.0000
138.1400 0.5000 0.0000
138.1600 0.5000 0.0000
138.1800 0.5000 0.0000
138.2000 0.5000 0.0000
138.2200 0.5000 0.0000
138.2400 0.5000 0.0000
138.2600 0.5000 0.0000
138.2800 0.5000 0.0000
138.3000 0.5000 0.0000
138.3200 0.5000 0.0000
138.3400 0.5000 0.0000
138.3600 0.5000 0.0000
138.3800 0.5000 0.0000
138.4000 0.5000 0.0000
138.4200 0.5000 0.0000
138.4400 0.5000 0.0000
138.4600 0.5000 0.0000
138.4800 0.5000 0.0000
138.5000 0.5000 0.0000
138.5200 0.5000 0.0000
138.5400 0.5000 0.0000
138.5600 0.5000 0.0000
138.5800 0.5000 0.0000
138.6000 0.5000 0.0000
138.6200 0.5000 0.0000
138.6400 0.5000 0.0000
138.6600 0.5000 0.0000
138.6800 0.5000 0.0000
138.7000 0.5000 0.0000
138.7200 0.5000 0.0000
138.7400 0.5000 0.0000
138.7600 0.5000 0.0000
138.7800 0.5000 0.0000
138.8000 0.5000 0.0000
138.8200 0.5000 0.0000
138.8400 0.5000 0.0000
138.8600 0.5000 0.0000
138.8800 0.5000 0.0000
138.9000 0.5000 0.0000
138.9200 0.5000 0.0000
138.9400 0.5000 0.0000
138.9600 0.5000 0.0000
138.9800 0.5000 0.0000
139.0000 0.5000 0.0000
139.0200 0.5000 0.0000
139.0400 0.5000 0.0000
139.0600 0.5000 0.0000
139.0800 0.5000 0.0000
139.1000 0.5000 0.0000
139.1200 0.5000 0.0000
139.1400 0.5000 0.0000
139.1600 0.5000 0.0000
139.1800 0.5000 0.0000
139.2000 0.5000 0.0000
139.2200 0.5000 0.0000
139.2400 0.5000 0.0000
139.2600 0.5000 0.0000
139.2800 0.5000 0.0000
139.3000 0.5000 0.0000
139.3200 0.5000 0.0000
139.3400 0.5000 0.0000
139.3600 0.5000 0.0000
139.3800 0.5000 0.0000
139.4000 0.5000 0.0000
139.4200 0.5000 0.0000
139.4400 0.5000 0.0000
139.4600 0.5000 0.0000
139.4800 0.5000 0.0000
139.5000 0.5000 0.0000
139.5200 0.5000 0.0000
139.5400 0.5000 0.0000
139.5600 0.5000 0.0000
139.5800 0.5000 0.0000
139.6000 0.5000 0.0000
139.6200 0.5000 0.0000
139.6400 0.5000 0.0000
139.6600 0.5000 0.0000
139.6800 0.5000 0.0000
139.7000 0.5000 0.0000
139.7200 0.5000 0.0000
139.7400 0.5000 0.0000
139.7600 0.5000 0.0000
139.7800 0.5000 0.0000
139.8000 0.5000 0.0000
139.8200 0.5000 0.0000
139.8400 0.5000 0.0000
139.8600 0.5000 0.0000
139.8800 0.5000 0.0000
139.9000 0.5000 0.0000
139.9200 0.5000 0.0000
139.9400 0.5000 0.0000
139.9600 0.5000 0.0000
139.9800 0.5000 0.0000
140.0000 0.5000 0.0000
140.0200 0.5000 0.0000
140.0400 0.5000 0.0000
140.0600 0.5000 0.0000
140.0800 0.5000 0.0000
140.1000 0.5000 0.0000
140.1200 0.5000 0.0000
140.1400 0.5000 0.0000
140.1600 0.5000 0.0000
140.1800 0.5000 0.0000
140.2000 0.5000 0.0000
140.2200 0.5000 0.0000
140.2400 0.5000 0.0000
140.2600 0.5000 0.0000
140.2800 0.5000 0.0000
140.3000 0.5000 0.0000
140.3200 0.5000 0.0000
140.3400 0.5000 0.0000
140.3600 0.5000 0.0000
140.3800 0.5000 0.0000
140.4000 0.5000 0.0000
140.4200 0.5000 0.0000
140.4400 0.5000 0.0000
140.4600 0.5000 0.0000
140.4800 0.5000 0.0000
140.5000 0.5000 0.0000
140.5200 0.5000 0.0000
140.5400 0.5000 0.0000
140.5600 0.5000 0.0000
140.5800 0.5000 0.0000
140.6000 0.5000 0.0000
140.6200 0.5000 0.0000
140.6400 0.5000 0.0000
140.6600 0.5000 0.0000
140.6800 0.5000 0.0000
140.7000 0.5000 0.0000
140.7200 0.5000 0.0000
140.7400 0.5000 0.0000
140.7600 0.5000 0.0000
140.7800 0.5000 0.0000
140.8000 0.5000 0.0000
140.8200 0.5000 0.0000
140.8400 0.5000 0.0000
140.8600 0.5000 0.0000
140.8800 0.5000 0.0000
140.9000 0.5000 0.0000
140.9200 0.5000 0.0000
140.9400 0.5000 0.0000
140.9600 0.5000 0.0000
140.9800 0.5000 0.0000
141.0000 0.5000 0.0000
141.0200 0.5000 0.0000
141.0400 0.5000 0.0000
141.0600 0.5000 0.0000
141.0800 0.5000 0.0000
141.1000 0.5000 0.0000
141.1200 0.5000 0.0000
141.1400 0.5000 0.0000
141.1600 0.5000 0.0000
141.1800 0.5000 0.0000
141.2000 0.5000 0.0000
141.2200 0.5000 0.0000
141.2400 0.5000 0.0000
141.2600 0.5000 0.0000
141.2800 0.5000 0.0000
141.3000 0.5000 0.0000
141.3200 0.5000 0.0000
141.3400 0.5000 0.0000
141.3600 0.5000 0.0000
141.3800 0.5000 0.0000
141.4000 0.5000 0.0000
141.4200 0.5000 0.0000
141.4400 0.5000 0.0000
141.4600 0.5000 0.0000
141.4800 0.5000 0.0000
141.5000 0.5000 0.0000
141.5200 0.5000 0.0000
141.5400 0.5000 0.0000
141.5600 0.5000 0.0000
141.5800 0.5000 0.0000
141.6000 0.5000 0.0000
141.6200 0.5000 0.0000
141.6400 0.5000 0.0000
141.6600 0.5000 0.0000
141.6800 0.5000 0.0000
141.7000 0.5000 0.0000
141.7200 0.5000 0.0000
141.7400 0.5000 0.0000
141.7600 0.5000 0.0000
141.7800 0.5000 0.0000
141.8000 0.5000 0.0000
141.8200 0.5000 0.0000
141.8400 0.5000 0.0000
141.8600 0.5000 0.0000
141.8800 0.5000 0.0000
141.9000 0.5000 0.0000
141.9200 0.5000 0.0000
141.9400 0.5000 0.0000
141.9600 0.5000 0.0000
141.9800 0.5000 0.0000
142.0000 0.5000 0.0000
142.0200 0.5000 0.0000
142.0400 0.5000 0.0000
142.0600 0.5000 0.0000
142.0800 0.5000 0.0000
142.1000 0.5000 0.0000
142.1200 0.5000 0.0000
142.1400 0.5000 0.0000
142.1600 0.5000 0.0000
142.1800 0.5000 0.0000
142.2000 0.5000 0.0000
142.2200 0.5000 0.0000
142.2400 0.5000 0.0000
142.2600 0.5000 0.0000
142.2800 0.5000 0.0000
142.3000 0.5000 0.0000
142.3200 0.5000 0.0000
142.3400 0.5000 0.0000
142.3600 0.5000 0.0000
142.3800 0.5000 0.0000
142.4000 0.5000 0.0000
142.4200 0.5000 0.0000
142.4400 0.5000 0.0000
142.4600 0.5000 0.0000
142.4800 0.5000 0.0000
142.5000 0.5000 0.0000
142.5200 0.5000 0.0000
142.5400 0.5000 0.0000
142.5600 0.5000 0.0000
142.5800 0.5000 0.0000
142.6000 0.5000 0.0000
142.6200 0.5000 0.0000
142.6400 0.5000 0.0000
142.6600 0.5000 0.0000
142.6800 0.5000 0.0000
142.7000 0.5000 0.0000
142.7200 0.5000 0.0000
142.7400 0.5000 0.0000
142.7600 0.5000 0.0000
142.7800 0.5000 0.0000
142.8000 0.5000 0.0000
142.8200 0.5000 0.0000
142.8400 0.5000 0.0000
142.8600 0.5000 0.0000
142.8800 0.5000 0.0000
142.9000 0.5000 0.0000
142.9200 0.5000 0.0000
142.9400 0.5000 0.0000
142.9600 0.5000 0.0000
142.9800 0.5000 0.0000
143.0000 0.5000 0.0000
143.0200 0.5000 0.0000
143.0400 0.5000 0.0000
143.0600 0.5000 0.0000
143.0800 0.5000 0.0000
143.1000 0.5000 0.0000
143.1200 0.5000 0.0000
143.1400 0.5000 0.0000
143.1600 0.5000 0.0000
143.1800 0.5000 0.0000
143.2000 0.5000 0.0000
143.2200 0.5000 0.0000
143.2400 0.5000 0.0000
143.2600 0.5000 0.0000
143.2800 0.5000 0.0000
143.3000 0.5000 0.0000
143.3200 0.5000 0.0000
143.3400 0.5000 0.0000
143.3600 0.5000 0.0000
143.3800 0.5000 0.0000
143.4000 0.5000 0.0000
143.4200 0.5000 0.0000
143.4400 0.5000 0.0000
143.4600 0.5000 0.0000
143.4800 0.5000 0.0000
143.5000 0.5000 0.0000
143.5200 0.5000 0.0000
143.5400 0.5000 0.0000
143.5600 0.5000 0.0000
143.5800 0.5000 0.0000
143.6000 0.5000 0.0000
143.6200 0.5000 0.0000
143.6400 0.5000 0.0000
143.6600 0.5000 0.0000
143.6800 0.5000 0.0000
143.7000 0.5000 0.0000
143.7200 0.5000 0.0000
143.7400 0.5000 0.0000
143.7600 0.5000 0.0000
143.7800 0.5000 0.0000
143.8000 0.5000 0.0000
143.8200 0.5000 0.0000
143.8400 0.5000 0.0000
143.8600 0.5000 0.0000
143.8800 0.5000 0.0000
143.9000 0.5000 0.0000
143.9200 0.5000 0.0000
143.9400 0.5000 0.0000
143.9600 0.5000 0.0000
143.9800 0.5000 0.0000
144.0000 0.5000 0.0000
144.0200 0.5000 0.0000
144.0400 0.5000 0.0000
144.0600 0.5000 0.0000
144.0800 0.5000 0.0000
144.1000 0.5000 0.0000
144.1200 0.5000 0.0000
144.1400 0.5000 0.0000
144.1600 0.5000 0.0000
144.1800 0.5000 0.0000
144.2000 0.5000 0.0000
144.2200 0.5000 0.0000
144.2400 0.5000 0.0000
144.2600 0.5000 0.0000
144.2800 0.5000 0.0000
144.3000 0.5000 0.0000
144.3200 0.5000 0.0000
144.3400 0.5000 0.0000
144.3600 0.5000 0.0000
144.3800 0.5000 0.0000
144.4000 0.5000 0.0000
144.4200 0.5000 0.0000
144.4400 0.5000 0.0000
144.4600 0.5000 0.0000
144.4800 0.5000 0.0000
144.5000 0.5000 0.0000
144.5200 0.5000 0.0000
144.5400 0.5000 0.0000
144.5600 0.5000 0.0000
144.5800 0.5000 0.0000
144.6000 0.5000 0.0000
144.6200 0.5000 0.0000
144.6400 0.5000 0.0000
144.6600 0.5000 0.0000
144.6800 0.5000 0.0000
144.7000 0.5000 0.0000
144.7200 0.5000 0.0000
144.7400 0.5000 0.0000
144.7600 0.5000 0.0000
144.7800 0.5000 0.0000
144.8000 0.5000 0.0000
144.8200 0.5000 0.0000
144.8400 0.5000 0.0000
144.8600 0.5000 0.0000
144.8800 0.5000 0.0000
144.9000 0.5000 0.0000
144.9200 0.5000 0.0000
144.9400 0.5000 0.0000
144.9600 0.5000 0.0000
144.9800 0.5000 0.0000
145.0000 0.5000 0.0000
145.0200 0.5000 0.0000
145.0400 0.5000 0.0000
145.0600 0.5000 0.0000
145.0800 0.5000 0.0000
145.1000 0.5000 0.0000
145.1200 0.5000 0.0000
145.1400 0.5000 0.0000
145.1600 0.5000 0.0000
145.1800 0.5000 0.0000
145.2000 0.5000 0.0000
145.2200 0.5000 0.0000
145.2400 0.5000 0.0000
145.2600 0.5000 0.0000
145.2800 0.5000 0.0000
145.3000 0.5000 0.0000
145.3200 0.5000 0.0000
145.3400 0.5000 0.0000
145.3600 0.5000 0.0000
145.3800 0.5000 0.0000
145.4000 0.5000 0.0000
145.4200 0.5000 0.0000
145.4400 0.5000 0.0000
145.4600 0.5000 0.0000
145.4800 0.5000 0.0000
145.5000 0.5000 0.0000
145.5200 0.5000 0.0000
145.5400 0.5000 0.0000
145.5600 0.5000 0.0000
145.5800 0.5000 0.0000
145.6000 0.5000 0.0000
145.6200 0.5000 0.0000
145.6400 0.5000 0.0000
145.6600 0.5000 0.0000
145.6800 0.5000 0.0000
145.7000 0.5000 0.0000
145.7200 0.5000 0.0000
145.7400 0.5000 0.0000
145.7600 0.5000 0.0000
145.7800 0.5000 0.0000
145.8000 0.5000 0.0000
145.8200 0.5000 0.0000
145.8400 0.5000 0.0000
145.8600 0.5000 0.0000
145.8800 0.5000 0.0000
145.9000 0.5000 0.0000
145.9200 0.5000 0.0000
145.9400 0.5000 0.0000
145.9600 0.5000 0.0000
145.9800 0.5000 0.0000
146.0000 0.5000 0.0000
146.0200 0.5000 0.0000
146.0400 0.5000 0.0000
146.0600 0.5000 0.0000
146.0800 0.5000 0.0000
146.1000 0.5000 0.0000
146.1200 0.5000 0.0000
146.1400 0.5000 0.0000
146.1600 0.5000 0.0000
146.1800 0.5000 0.0000
146.2000 0.5000 0.0000
146.2200 0.5000 0.0000
146.2400 0.5000 0.0000
146.2600 0.5000 0.0000
146.2800 0.5000 0.0000
146.3000 0.5000 0.0000
146.3200 0.5000 0.0000
146.3400 0.5000 0.0000
146.3600 0.5000 0.0000
146.3800 0.5000 0.0000
146.4000 0.5000 0.0000
146.4200 0.5000 0.0000
146.4400 0.5000 0.0000
146.4600 0.5000 0.0000
146.4800 0.5000 0.0000
146.5000 0.5000 0.0000
146.5200 0.5000 0.0000
146.5400 0.5000 0.0000
146.5600 0.5000 0.0000
146.5800 0.5000 0.0000
146.6000 0.5000 0.0000
146.6200 0.5000 0.0000
146.6400 0.5000 0.0000
146.6600 0.5000 0.0000
146.6800 0.5000 0.0000
146.7000 0.5000 0.0000
146.7200 0.5000 0.0000
146.7400 0.5000 0.0000
146.7600 0.5000 0.0000
146.7800 0.5000 0.0000
146.8000 0.5000 0.0000
146.8200 0.5000 0.0000
146.8400 0.5000 0.0000
146.8600 0.5000 0.0000
146.8800 0.5000 0.0000
146.9000 0.5000 0.0000
146.9200 0.5000 0.0000
146.9400 0.5000 0.0000
146.9600 0.5000 0.0000
146.9800 0.5000 0.0000
147.0000 0.5000 0.0000
147.0200 0.5000 0.0000
147.0400 0.5000 0.0000
147.0600 0.5000 0.0000
147.0800 0.5000 0.0000
147.1000 0.5000 0.0000
147.1200 0.5000 0.0000
147.1400 0.5000 0.0000
147.1600 0.5000 0.0000
147.1800 0.5000 0.0000
147.2000 0.5000 0.0000
147.2200 0.5000 0.0000
147.2400 0.5000 0.0000
147.2600 0.5000 0.0000
147.2800 0.5000 0.0000
147.3000 0.5000 0.0000
147.3200 0.5000 0.0000
147.3400 0.5000 0.0000
147.3600 0.5000 0.0000
147.3800 0.5000 0.0000
147.4000 0.5000 0.0000
147.4200 0.5000 0.0000
147.4400 0.5000 0.0000
147.4600 0.5000 0.0000
147.4800 0.5000 0.0000
147.5000 0.5000 0.0000
147.5200 0.5000 0.0000
147.5400 0.5000 0.0000
147.5600 0.5000 0.0000
147.5800 0.5000 0.0000
147.6000 0.5000 0.0000
147.6200 0.5000 0.0000
147.6400 0.5000 0.0000
147.6600 0.5000 0.0000
147.6800 0.5000 0.0000
147.7000 0.5000 0.0000
147.7200 0.5000 0.0000
147.7400 0.5000 0.0000
147.7600 0.5000 0.0000
147.7800 0.5000 0.0000
147.8000 0.5000 0.0000
147.8200 0.5000 0.0000
147.8400 0.5000 0.0000
147.8600 0.5000 0.0000
147.8800 0.5000 0.0000
147.9000 0.5000 0.0000
147.9200 0.5000 0.0000
147.9400 0.5000 0.0000
147.9600 0.5000 0.0000
147.9800 0.5000 0.0000
148.0000 0.5000 0.0000
148.0200 0.5000 0.0000
148.0400 0.5000 0.0000
148.0600 0.5000 0.0000
148.0800 0.5000 0.0000
148.1000 0.5000 0.0000
148.1200 0.5000 0.0000
148.1400 0.5000 0.0000
148.1600 0.5000 0.0000
148.1800 0.5000 0.0000
148.2000 0.5000 0.0000
148.2200 0.5000 0.0000
148.2400 0.5000 0.0000
148.2600 0.5000 0.0000
148.2800 0.5000 0.0000
148.3000 0.5000 0.0000
148.3200 0.5000 0.0000
148.3400 0.5000 0.0000
148.3600 0.5000 0.0000
148.3800 0.5000 0.0000
148.4000 0.5000 0.0000
148.4200 0.5000 0.0000
148.4400 0.5000 0.0000
148.4600 0.5000 0.0000
148.4800 0.5000 0.0000
148.5000 0.5000 0.0000
148.5200 0.5000 0.0000
148.5400 0.5000 0.0000
148.5600 0.5000 0.0000
148.5800 0.5000 0.0000
148.6000 0.5000 0.0000
148.6200 0.5000 0.0000
148.6400 0.5000 0.0000
148.6600 0.5000 0.0000
148.6800 0.5000 0.0000
148.7000 0.5000 0.0000
148.7200 0.5000 0.0000
148.7400 0.5000 0.0000
148.7600 0.5000 0.0000
148.7800 0.5000 0.0000
148.8000 0.5000 0.0000
148.8200 0.5000 0.0000
148.8400 0.5000 0.0000
148.8600 0.5000 0.0000
148.8800 0.5000 0.0000
148.9000 0.5000 0.0000
148.9200 0.5000 0.0000
148.9400 0.5000 0.0000
148.9600 0.5000 0.0000
148.9800 0.5000 0.0000
149.0000 0.5000 0.0000
149.0200 0.5000 0.0000
149.0400 0.5000 0.0000
149.0600 0.5000 0.0000
149.0800 0.5000 0.0000
149.1000 0.5000 0.0000
149.1200 0.5000 0.0000
149.1400 0.5000 0.0000
149.1600 0.5000 0.0000
149.1800 0.5000 0.0000
149.2000 0.5000 0.0000
149.2200 0.5000 0.0000
149.2400 0.5000 0.0000
149.2600 0.5000 0.0000
149.2800 0.5000 0.0000
149.3000 0.5000 0.0000
149.3200 0.5000 0.0000
149.3400 0.5000 0.0000
149.3600 0.5000 0.0000
149.3800 0.5000 0.0000
149.4000 0.5000 0.0000
149.4200 0.5000 0.0000
149.4400 0.5000 0.0000
149.4600 0.5000 0.0000
149.4800 0.5000 0.0000
149.5000 0.5000 0.0000
149.5200 0.5000 0.0000
149.5400 0.5000 0.0000
149.5600 0.5000 0.0000
149.5800 0.5000 0.0000
149.6000 0.5000 0.0000
149.6200 0.5000 0.0000
149.6400 0.5000 0.0000
149.6600 0.5000 0.0000
149.6800 0.5000 0.0000
149.7000 0.5000 0.0000
149.7200 0.5000 0.0000
149.7400 0.5000 0.0000
149.7600 0.5000 0.0000
149.7800 0.5000 0.0000
149.8000 0.5000 0.0000
149.8200 0.5000 0.0000
149.8400 0.5000 0.0000
149.8600 0.5000 0.0000
149.8800 0.5000 0.0000
149.9000 0.5000 0.0000
149.9200 0.5000 0.0000
149.9400 0.5000 0.0000
149.9600 0.5000 0.0000
149.9800 0.5000 0.0000
150.0000 0.5000 0.0000
150.0200 0.5000 0.0000
150.0400 0.5000 0.0000
150.0600 0.5000 0.0000
150.0800 0.5000 0.0000
150.1000 0.5000 0.0000
150.1200 0.5000 0.0000
150.1400 0.5000 0.0000
150.1600 0.5000 0.0000
150.1800 0.5000 0.0000
150.2000 0.5000 0.0000
150.2200 0.5000 0.0000
150.2400 0.5000 0.0000
150.2600 0.5000 0.0000
150.2800 0.5000 0.0000
150.3000 0.5000 0.0000
150.3200 0.5000 0.0000
150.3400 0.5000 0.0000
150.3600 0.5000 0.0000
150.3800 0.5000 0.0000
150.4000 0.5000 0.0000
150.4200 0.5000 0.0000
150.4400 0.5000 0.0000
150.4600 0.5000 0.0000
150.4800 0.5000 0.0000
150.5000 0.5000 0.0000
150.5200 0.5000 0.0000
150.5400 0.5000 0.0000
150.5600 0.5000 0.0000
150.5800 0.5000 0.0000
150.6000 0.5000 0.0000
150.6200 0.5000 0.0000
150.6400 0.5000 0.0000
150.6600 0.5000 0.0000
150.6800 0.5000 0.0000
150.7000 0.5000 0.0000
150.7200 0.5000 0.0000
150.7400 0.5000 0.0000
150.7600 0.5000 0.0000
150.7800 0.5000 0.0000
150.8000 0.5000 0.0000
150.8200 0.5000 0.0000
150.8400 0.5000 0.0000
150.8600 0.5000 0.0000
150.8800 0.5000 0.0000
150.9000 0.5000 0.0000
150.9200 0.5000 0.0000
150.9400 0.5000 0.0000
150.9600 0.5000 0.0000
150.9800 0.5000 0.0000
151.0000 0.5000 0.0000
151.0200 0.5000 0.0000
151.0400 0.5000 0.0000
151.0600 0.5000 0.0000
151.0800 0.5000 0.0000
151.1000 0.5000 0.0000
151.1200 0.5000 0.0000
151.1400 0.5000 0.0000
151.1600 0.5000 0.0000
151.1800 0.5000 0.0000
151.2000 0.5000 0.0000
151.2200 0.5000 0.0000
151.2400 0.5000 0.0000
151.2600 0.5000 0.0000
151.2800 0.5000 0.0000
151.3000 0.5000 0.0000
151.3200 0.5000 0.0000
151.3400 0.5000 0.0000
151.3600 0.5000 0.0000
151.3800 0.5000 0.0000
151.4000 0.5000 0.0000
151.4200 0.5000 0.0000
151.4400 0.5000 0.0000
151.4600 0.5000 0.0000
151.4800 0.5000 0.0000
151.5000 0.5000 0.0000
151.5200 0.5000 0.0000
151.5400 0.5000 0.0000
151.5600 0.5000 0.0000
151.5800 0.5000 0.0000
151.6000 0.5000 0.0000
151.6200 0.5000 0.0000
151.6400 0.5000 0.0000
151.6600 0.5000 0.0000
151.6800 0.5000 0.0000
151.7000 0.5000 0.0000
151.7200 0.5000 0.0000
151.7400 0.5000 0.0000
151.7600 0.5000 0.0000
151.7800 0.5000 0.0000
151.8000 0.5000 0.0000
151.8200 0.5000 0.0000
151.8400 0.5000 0.0000
151.8600 0.5000 0.0000
151.8800 0.5000 0.0000
151.9000 0.5000 0.0000
151.9200 0.5000 0.0000
151.9400 0.5000 0.0000
151.9600 0.5000 0.0000
151.9800 0.5000 0.0000
152.0000 0.5000 0.0000
152.0200 0.5000 0.0000
152.0400 0.5000 0.0000
152.0600 0.5000 0.0000
152.0800 0.5000 0.0000
152.1000 0.5000 0.0000
152.1200 0.5000 0.0000
152.1400 0.5000 0.0000
152.1600 0.5000 0.0000
152.1800 0.5000 0.0000
152.2000 0.5000 0.0000
152.2200 0.5000 0.0000
152.2400 0.5000 0.0000
152.2600 0.5000 0.0000
152.2800 0.5000 0.0000
152.3000 0.5000 0.0000
152.3200 0.5000 0.0000
152.3400 0.5000 0.0000
152.3600 0.5000 0.0000
152.3800 0.5000 0.0000
152.4000 0.5000 0.0000
152.4200 0.5000 0.0000
152.4400 0.5000 0.0000
152.4600 0.5000 0.0000
152.4800 0.5000 0.0000
152.5000 0.5000 0.0000
152.5200 0.5000 0.0000
152.5400 0.5000 0.0000
152.5600 0.5000 0.0000
152.5800 0.5000 0.0000
152.6000 0.5000 0.0000
152.6200 0.5000 0.0000
152.6400 0.5000 0.0000
152.6600 0.5000 0.0000
152.6800 0.5000 0.0000
152.7000 0.5000 0.0000
152.7200 0.5000 0.0000
152.7400 0.5000 0.0000
152.7600 0.5000 0.0000
152.7800 0.5000 0.0000
152.8000 0.5000 0.0000
152.8200 0.5000 0.0000
152.8400 0.5000 0.0000
152.8600 0.5000 0.0000
152.8800 0.5000 0.0000
152.9000 0.5000 0.0000
152.9200 0.5000 0.0000
152.9400 0.5000 0.0000
152.9600 0.5000 0.0000
152.9800 0.5000 0.0000
153.0000 0.5000 0.0000
153.0200 0.5000 0.0000
153.0400 0.5000 0.0000
153.0600 0.5000 0.0000
153.0800 0.5000 0.0000
153.1000 0.5000 0.0000
153.1200 0.5000 0.0000
153.1400 0.5000 0.0000
153.1600 0.5000 0.0000
153.1800 0.5000 0.0000
153.2000 0.5000 0.0000
153.2200 0.5000 0.0000
153.2400 0.5000 0.0000
153.2600 0.5000 0.0000
153.2800 0.5000 0.0000
153.3000 0.5000 0.0000
153.3200 0.5000 0.0000
153.3400 0.5000 0.0000
153.3600 0.5000 0.0000
153.3800 0.5000 0.0000
153.4000 0.5000 0.0000
153.4200 0.5000 0.0000
153.4400 0.5000 0.0000
153.4600 0.5000 0.0000
153.4800 0.5000 0.0000
153.5000 0.5000 0.0000
153.5200 0.5000 0.0000
153.5400 0.5000 0.0000
153.5600 0.5000 0.0000
153.5800 0.5000 0.0000
153.6000 0.5000 0.0000
153.6200 0.5000 0.0000
153.6400 0.5000 0.0000
153.6600 0.5000 0.0000
153.6800 0.5000 0.0000
153.7000 0.5000 0.0000
153.7200 0.5000 0.0000
153.7400 0.5000 0.0000
153.7600 0.5000 0.0000
153.7800 0.5000 0.0000
153.8000 0.5000 0.0000
153.8200 0.5000 0.0000
153.8400 0.5000 0.0000
153.8600 0.5000 0.0000
153.8800 0.5000 0.0000
153.9000 0.5000 0.0000
153.9200 0.5000 0.0000
153.9400 0.5000 0.0000
153.9600 0.5000 0.0000
153.9800 0.5000 0.0000
154.0000 0.5000 0.0000
154.0200 0.5000 0.0000
154.0400 0.5000 0.0000
154.0600 0.5000 0.0000
154.0800 0.5000 0.0000
154.1000 0.5000 0.0000
154.1200 0.5000 0.0000
154.1400 0.5000 0.0000
154.1600 0.5000 0.0000
154.1800 0.5000 0.0000
154.2000 0.5000 0.0000
154.2200 0.5000 0.0000
154.2400 0.5000 0.0000
154.2600 0.5000 0.0000
154.2800 0.5000 0.0000
154.3000 0.5000 0.0000
154.3200 0.5000 0.0000
154.3400 0.5000 0.0000
154.3600 0.5000 0.0000
154.3800 0.5000 0.0000
154.4000 0.5000 0.0000
154.4200 0.5000 0.0000
154.4400 0.5000 0.0000
154.4600 0.5000 0.0000
154.4800 0.5000 0.0000
154.5000 0.5000 0.0000
154.5200 0.5000 0.0000
154.5400 0.5000 0.0000
154.5600 0.5000 0.0000
154.5800 0.5000 0.0000
154.6000 0.5000 0.0000
154.6200 0.5000 0.0000
154.6400 0.5000 0.0000
154.6600 0.5000 0.0000
154.6800 0.5000 0.0000
154.7000 0.5000 0.0000
154.7200 0.5000 0.0000
154.7400 0.5000 0.0000
154.7600 0.5000 0.0000
154.7800 0.5000 0.0000
154.8000 0.5000 0.0000
154.8200 0.5000 0.0000
154.8400 0.5000 0.0000
154.8600 0.5000 0.0000
154.8800 0.5000 0.0000
154.9000 0.5000 0.0000
154.9200 0.5000 0.0000
154.9400 0.5000 0.0000
154.9600 0.5000 0.0000
154.9800 0.5000 0.0000
155.0000 0.5000 0.0000
155.0200 0.5000 0.0000
155.0400 0.5000 0.0000
155.0600 0.5000 0.0000
155.0800 0.5000 0.0000
155.1000 0.5000 0.0000
155.1200 0.5000 0.0000
155.1400 0.5000 0.0000
155.1600 0.5000 0.0000
155.1800 0.5000 0.0000
155.2000 0.5000 0.0000
155.2200 0.5000 0.0000
155.2400 0.5000 0.0000
155.2600 0.5000 0.0000
155.2800 0.5000 0.0000
155.3000 0.5000 0.0000
155.3200 0.5000 0.0000
155.3400 0.5000 0.0000
155.3600 0.5000 0.0000
155.3800 0.5000 0.0000
155.4000 0.5000 0.0000
155.4200 0.5000 0.0000
155.4400 0.5000 0.0000
155.4600 0.5000 0.0000
155.4800 0.5000 0.0000
155.5000 0.5000 0.0000
155.5200 0.5000 0.0000
155.5400 0.5000 0.0000
155.5600 0.5000 0.0000
155.5800 0.5000 0.0000
155.6000 0.5000 0.0000
155.6200 0.5000 0.0000
155.6400 0.5000 0.0000
155.6600 0.5000 0.0000
155.6800 0.5000 0.0000
155.7000 0.5000 0.0000
155.7200 0.5000 0.0000
155.7400 0.5000 0.0000
155.7600 0.5000 0.0000
155.7800 0.5000 0.0000
155.8000 0.5000 0.0000
155.8200 0.5000 0.0000
155.8400 0.5000 0.0000
155.8600 0.5000 0.0000
155.8800 0.5000 0.0000
155.9000 0.5000 0.0000
155.9200 0.5000 0.0000
155.9400 0.5000 0.0000
155.9600 0.5000 0.0000
155.9800 0.5000 0.0000
156.0000 0.5000 0.0000
156.0200 0.5000 0.0000
156.0400 0.5000 0.0000
156.0600 0.5000 0.0000
156.0800 0.5000 0.0000
156.1000 0.5000 0.0000
156.1200 0.5000 0.0000
156.1400 0.5000 0.0000
156.1600 0.5000 0.0000
156.1800 0.5000 0.0000
156.2000 0.5000 0.0000
156.2200 0.5000 0.0000
156.2400 0.5000 0.0000
156.2600 0.5000 0.0000
156.2800 0.5000 0.0000
156.3000 0.5000 0.0000
156.3200 0.5000 0.0000
156.3400 0.5000 0.0000
156.3600 0.5000 0.0000
156.3800 0.5000 0.0000
156.4000 0.5000 0.0000
156.4200 0.5000 0.0000
156.4400 0.5000 0.0000
156.4600 0.5000 0.0000
156.4800 0.5000 0.0000
156.5000 0.5000 0.0000
156.5200 0.5000 0.0000
156.5400 0.5000 0.0000
156.5600 0.5000 0.0000
156.5800 0.5000 0.0000
156.6000 0.5000 0.0000
156.6200 0.5000 0.0000
156.6400 0.5000 0.0000
156.6600 0.5000 0.0000
156.6800 0.5000 0.0000
156.7000 0.5000 0.0000
156.7200 0.5000 0.0000
156.7400 0.5000 0.0000
156.7600 0.5000 0.0000
156.7800 0.5000 0.0000
156.8000 0.5000 0.0000
156.8200 0.5000 0.0000
156.8400 0.5000 0.0000
156.8600 0.5000 0.0000
156.8800 0.5000 0.0000
156.9000 0.5000 0.0000
156.9200 0.5000 0.0000
156.9400 0.5000 0.0000
156.9600 0.5000 0.0000
156.9800 0.5000 0.0000
157.0000 0.5000 0.0000
157.0200 0.5000 0.0000
157.0400 0.5000 0.0000
157.0600 0.5000 0.0000
157.0800 0.5000 0.0000
157.1000 0.5000 0.0000
157.1200 0.5000 0.0000
157.1400 0.5000 0.0000
157.1600 0.5000 0.0000
157.1800 0.5000 0.0000
157.2000 0.5000 0.0000
157.2200 0.5000 0.0000
157.2400 0.5000 0.0000
157.2600 0.5000 0.0000
157.2800 0.5000 0.0000
157.3000 0.5000 0.0000
157.3200 0.5000 0.0000
157.3400 0.5000 0.0000
157.3600 0.5000 0.0000
157.3800 0.5000 0.0000
157.4000 0.5000 0.0000
157.4200 0.5000 0.0000
157.4400 0.5000 0.0000
157.4600 0.5000 0.0000
157.4800 0.5000 0.0000
157.5000 0.5000 0.0000
157.5200 0.5000 0.0000
157.5400 0.5000 0.0000
157.5600 0.5000 0.0000
157.5800 0.5000 0.0000
157.6000 0.5000 0.0000
157.6200 0.5000 0.0000
157.6400 0.5000 0.0000
157.6600 0.5000 0.0000
157.6800 0.5000 0.0000
157.7000 0.5000 0.0000
157.7200 0.5000 0.0000
157.7400 0.5000 0.0000
157.7600 0.5000 0.0000
157.7800 0.5000 0.0000
157.8000 0.5000 0.0000
157.8200 0.5000 0.0000
157.8400 0.5000 0.0000
157.8600 0.5000 0.0000
157.8800 0.5000 0.0000
157.9000 0.5000 0.0000
157.9200 0.5000 0.0000
157.9400 0.5000 0.0000
157.9600 0.5000 0.0000
157.9800 0.5000 0.0000
158.0000 0.5000 0.0000
158.0200 0.5000 0.0000
158.0400 0.5000 0.0000
158.0600 0.5000 0.0000
158.0800 0.5000 0.0000
158.1000 0.5000 0.0000
158.1200 0.5000 0.0000
158.1400 0.5000 0.0000
158.1600 0.5000 0.0000
158.1800 0.5000 0.0000
158.2000 0.5000 0.0000
158.2200 0.5000 0.0000
158.2400 0.5000 0.0000
158.2600 0.5000 0.0000
158.2800 0.5000 0.0000
158.3000 0.5000 0.0000
158.3200 0.5000 0.0000
158.3400 0.5000 0.0000
158.3600 0.5000 0.0000
158.3800 0.5000 0.0000
158.4000 0.5000 0.0000
158.4200 0.5000 0.0000
158.4400 0.5000 0.0000
158.4600 0.5000 0.0000
158.4800 0.5000 0.0000
158.5000 0.5000 0.0000
158.5200 0.5000 0.0000
158.5400 0.5000 0.0000
158.5600 0.5000 0.0000
158.5800 0.5000 0.0000
158.6000 0.5000 0.0000
158.6200 0.5000 0.0000
158.6400 0.5000 0.0000
158.6600 0.5000 0.0000
158.6800 0.5000 0.0000
158.7000 0.5000 0.0000
158.7200 0.5000 0.0000
158.7400 0.5000 0.0000
158.7600 0.5000 0.0000
158.7800 0.5000 0.0000
158.8000 0.5000 0.0000
158.8200 0.5000 0.0000
158.8400 0.5000 0.0000
158.8600 0.5000 0.0000
158.8800 0.5000 0.0000
158.9000 0.5000 0.0000
158.9200 0.5000 0.0000
158.9400 0.5000 0.0000
158.9600 0.5000 0.0000
158.9800 0.5000 0.0000
159.0000 0.5000 0.0000
159.0200 0.5000 0.0000
159.0400 0.5000 0.0000
159.0600 0.5000 0.0000
159.0800 0.5000 0.0000
159.1000 0.5000 0.0000
159.1200 0.5000 0.0000
159.1400 0.5000 0.0000
159.1600 0.5000 0.0000
159.1800 0.5000 0.0000
159.2000 0.5000 0.0000
159.2200 0.5000 0.0000
159.2400 0.5000 0.0000
159.2600 0.5000 0.0000
159.2800 0.5000 0.0000
159.3000 0.5000 0.0000
159.3200 0.5000 0.0000
159.3400 0.5000 0.0000
159.3600 0.5000 0.0000
159.3800 0.5000 0.0000
159.4000 0.5000 0.0000
159.4200 0.5000 0.0000
159.4400 0.5000 0.0000
159.4600 0.5000 0.0000
159.4800 0.5000 0.0000
159.5000 0.5000 0.0000
159.5200 0.5000 0.0000
159.5400 0.5000 0.0000
159.5600 0.5000 0.0000
159.5800 0.5000 0.0000
159.6000 0.5000 0.0000
159.6200 0.5000 0.0000
159.6400 0.5000 0.0000
159.6600 0.5000 0.0000
159.6800 0.5000 0.0000
159.7000 0.5000 0.0000
159.7200 0.5000 0.0000
159.7400 0.5000 0.0000
159.7600 0.5000 0.0000
159.7800 0.5000 0.0000
159.8000 0.5000 0.0000
159.8200 0.5000 0.0000
159.8400 0.5000 0.0000
159.8600 0.5000 0.0000
159.8800 0.5000 0.0000
159.9000 0.5000 0.0000
159.9200 0.5000 0.0000
159.9400 0.5000 0.0000
159.9600 0.5000 0.0000
159.9800 0.5000 0.0000
160.0000 0.5000 0.0000
160.0200 0.5000 0.0000
160.0400 0.5000 0.0000
160.0600 0.5000 0.0000
160.0800 0.5000 0.0000
160.1000 0.5000 0.0000
160.1200 0.5000 0.0000
160.1400 0.5000 0.0000
160.1600 0.5000 0.0000
160.1800 0.5000 0.0000
160.2000 0.5000 0.0000
160.2200 0.5000 0.0000
160.2400 0.5000 0.0000
160.2600 0.5000 0.0000
160.2800 0.5000 0.0000
160.3000 0.5000 0.0000
160.3200 0.5000 0.0000
160.3400 0.5000 0.0000
160.3600 0.5000 0.0000
160.3800 0.5000 0.0000
160.4000 0.5000 0.0000
160.4200 0.5000 0.0000
160.4400 0.5000 0.0000
160.4600 0.5000 0.0000
160.4800 0.5000 0.0000
160.5000 0.5000 0.0000
160.5200 0.5000 0.0000
160.5400 0.5000 0.0000
160.5600 0.5000 0.0000
160.5800 0.5000 0.0000
160.6000 0.5000 0.0000
160.6200 0.5000 0.0000
160.6400 0.5000 0.0000
160.6600 0.5000 0.0000
160.6800 0.5000 0.0000
160.7000 0.5000 0.0000
160.7200 0.5000 0.0000
160.7400 0.5000 0.0000
160.7600 0.5000 0.0000
160.7800 0.5000 0.0000
160.8000 0.5000 0.0000
160.8200 0.5000 0.0000
160.8400 0.5000 0.0000
160.8600 0.5000 0.0000
160.8800 0.5000 0.0000
160.9000 0.5000 0.0000
160.9200 0.5000 0.0000
160.9400 0.5000 0.0000
160.9600 0.5000 0.0000
160.9800 0.5000 0.0000
161.0000 0.5000 0.0000
161.0200 0.5000 0.0000
161.0400 0.5000 0.0000
161.0600 0.5000 0.0000
161.0800 0.5000 0.0000
161.1000 0.5000 0.0000
161.1200 0.5000 0.0000
161.1400 0.5000 0.0000
161.1600 0.5000 0.0000
161.1800 0.5000 0.0000
161.2000 0.5000 0.0000
161.2200 0.5000 0.0000
161.2400 0.5000 0.0000
161.2600 0.5000 0.0000
161.2800 0.5000 0.0000
161.3000 0.5000 0.0000
161.3200 0.5000 0.0000
161.3400 0.5000 0.0000
161.3600 0.5000 0.0000
161.3800 0.5000 0.0000
161.4000 0.5000 0.0000
161.4200 0.5000 0.0000
161.4400 0.5000 0.0000
161.4600 0.5000 0.0000
161.4800 0.5000 0.0000
161.5000 0.5000 0.0000
161.5200 0.5000 0.0000
161.5400 0.5000 0.0000
161.5600 0.5000 0.0000
161.5800 0.5000 0.0000
161.6000 0.5000 0.0000
161.6200 0.5000 0.0000
161.6400 0.5000 0.0000
161.6600 0.5000 0.0000
161.6800 0.5000 0.0000
161.7000 0.5000 0.0000
161.7200 0.5000 0.0000
161.7400 0.5000 0.0000
161.7600 0.5000 0.0000
161.7800 0.5000 0.0000
161.8000 0.5000 0.0000
161.8200 0.5000 0.0000
161.8400 0.5000 0.0000
161.8600 0.5000 0.0000
161.8800 0.5000 0.0000
161.9000 0.5000 0.0000
161.9200 0.5000 0.0000
161.9400 0.5000 0.0000
161.9600 0.5000 0.0000
161.9800 0.5000 0.0000
162.0000 0.5000 0.0000
162.0200 0.5000 0.0000
162.0400 0.5000 0.0000
162.0600 0.5000 0.0000
162.0800 0.5000 0.0000
162.1000 0.5000 0.0000
162.1200 0.5000 0.0000
162.1400 0.5000 0.0000
162.1600 0.5000 0.0000
162.1800 0.5000 0.0000
162.2000 0.5000 0.0000
162.2200 0.5000 0.0000
162.2400 0.5000 0.0000
162.2600 0.5000 0.0000
162.2800 0.5000 0.0000
162.3000 0.5000 0.0000
162.3200 0.5000 0.0000
162.3400 0.5000 0.0000
162.3600 0.5000 0.0000
162.3800 0.5000 0.0000
162.4000 0.5000 0.0000
162.4200 0.5000 0.0000
162.4400 0.5000 0.0000
162.4600 0.5000 0.0000
162.4800 0.5000 0.0000
162.5000 0.5000 0.0000
162.5200 0.5000 0.0000
162.5400 0.5000 0.0000
162.5600 0.5000 0.0000
162.5800 0.5000 0.0000
162.6000 0.5000 0.0000
162.6200 0.5000 0.0000
162.6400 0.5000 0.0000
162.6600 0.5000 0.0000
162.6800 0.5000 0.0000
162.7000 0.5000 0.0000
162.7200 0.5000 0.0000
162.7400 0.5000 0.0000
162.7600 0.5000 0.0000
162.7800 0.5000 0.0000
162.8000 0.5000 0.0000
162.8200 0.5000 0.0000
162.8400 0.5000 0.0000
162.8600 0.5000 0.0000
162.8800 0.5000 0.0000
162.9000 0.5000 0.0000
162.9200 0.5000 0.0000
162.9400 0.5000 0.0000
162.9600 0.5000 0.0000
162.9800 0.5000 0.0000
163.0000 0.5000 0.0000
163.0200 0.5000 0.0000
163.0400 0.5000 0.0000
163.0600 0.5000 0.0000
163.0800 0.5000 0.0000
163.1000 0.5000 0.0000
163.1200 0.5000 0.0000
163.1400 0.5000 0.0000
163.1600 0.5000 0.0000
163.1800 0.5000 0.0000
163.2000 0.5000 0.0000
163.2200 0.5000 0.0000
163.2400 0.5000 0.0000
163.2600 0.5000 0.0000
163.2800 0.5000 0.0000
163.3000 0.5000 0.0000
163.3200 0.5000 0.0000
163.3400 0.5000 0.0000
163.3600 0.5000 0.0000
163.3800 0.5000 0.0000
163.4000 0.5000 0.0000
163.4200 0.5000 0.0000
163.4400 0.5000 0.0000
163.4600 0.5000 0.0000
163.4800 0.5000 0.0000
163.5000 0.5000 0.0000
163.5200 0.5000 0.0000
163.5400 0.5000 0.0000
163.5600 0.5000 0.0000
163.5800 0.5000 0.0000
163.6000 0.5000 0.0000
163.6200 0.5000 0.0000
163.6400 0.5000 0.0000
163.6600 0.5000 0.0000
163.6800 0.5000 0.0000
163.7000 0.5000 0.0000
163.7200 0.5000 0.0000
163.7400 0.5000 0.0000
163.7600 0.5000 0.0000
163.7800 0.5000 0.0000
163.8000 0.5000 0.0000
163.8200 0.5000 0.0000
163.8400 0.5000 0.0000
163.8600 0.5000 0.0000
163.8800 0.5000 0.0000
163.9000 0.5000 0.0000
163.9200 0.5000 0.0000
163.9400 0.5000 0.0000
163.9600 0.5000 0.0000
163.9800 0.5000 0.0000
164.0000 0.5000 0.0000
164.0200 0.5000 0.0000
164.0400 0.5000 0.0000
164.0600 0.5000 0.0000
164.0800 0.5000 0.0000
164.1000 0.5000 0.0000
164.1200 0.5000 0.0000
164.1400 0.5000 0.0000
164.1600 0.5000 0.0000
164.1800 0.5000 0.0000
164.2000 0.5000 0.0000
164.2200 0.5000 0.0000
164.2400 0.5000 0.0000
164.2600 0.5000 0.0000
164.2800 0.5000 0.0000
164.3000 0.5000 0.0000
164.3200 0.5000 0.0000
164.3400 0.5000 0.0000
164.3600 0.5000 0.0000
164.3800 0.5000 0.0000
164.4000 0.5000 0.0000
164.4200 0.5000 0.0000
164.4400 0.5000 0.0000
164.4600 0.5000 0.0000
164.4800 0.5000 0.0000
164.5000 0.5000 0.0000
164.5200 0.5000 0.0000
164.5400 0.5000 0.0000
164.5600 0.5000 0.0000
164.5800 0.5000 0.0000
164.6000 0.5000 0.0000
164.6200 0.5000 0.0000
164.6400 0.5000 0.0000
164.6600 0.5000 0.0000
164.6800 0.5000 0.0000
164.7000 0.5000 0.0000
164.7200 0.5000 0.0000
164.7400 0.5000 0.0000
164.7600 0.5000 0.0000
164.7800 0.5000 0.0000
164.8000 0.5000 0.0000
164.8200 0.5000 0.0000
164.8400 0.5000 0.0000
164.8600 0.5000 0.0000
164.8800 0.5000 0.0000
164.9000 0.5000 0.0000
164.9200 0.5000 0.0000
164.9400 0.5000 0.0000
164.9600 0.5000 0.0000
164.9800 0.5000 0.0000
165.0000 0.5000 0.0000
165.0200 0.5000 0.0000
165.0400 0.5000 0.0000
165.0600 0.5000 0.0000
165.0800 0.5000 0.0000
165.1000 0.5000 0.0000
165.1200 0.5000 0.0000
165.1400 0.5000 0.0000
165.1600 0.5000 0.0000
165.1800 0.5000 0.0000
165.2000 0.5000 0.0000
165.2200 0.5000 0.0000
165.2400 0.5000 0.0000
165.2600 0.5000 0.0000
165.2800 0.5000 0.0000
165.3000 0.5000 0.0000
165.3200 0.5000 0.0000
165.3400 0.5000 0.0000
165.3600 0.5000 0.0000
165.3800 0.5000 0.0000
165.4000 0.5000 0.0000
165.4200 0.5000 0.0000
165.4400 0.5000 0.0000
165.4600 0.5000 0.0000
165.4800 0.5000 0.0000
165.5000 0.5000 0.0000
165.5200 0.5000 0.0000
165.5400 0.5000 0.0000
165.5600 0.5000 0.0000
165.5800 0.5000 0.0000
165.6000 0.5000 0.0000
165.6200 0.5000 0.0000
165.6400 0.5000 0.0000
165.6600 0.5000 0.0000
165.6800 0.5000 0.0000
165.7000 0.5000 0.0000
165.7200 0.5000 0.0000
165.7400 0.5000 0.0000
165.7600 0.5000 0.0000
165.7800 0.5000 0.0000
165.8000 0.5000 0.0000
165.8200 0.5000 0.0000
165.8400 0.5000 0.0000
165.8600 0.5000 0.0000
165.8800 0.5000 0.0000
165.9000 0.5000 0.0000
165.9200 0.5000 0.0000
165.9400 0.5000 0.0000
165.9600 0.5000 0.0000
165.9800 0.5000 0.0000
166.0000 0.5000 0.0000
166.0200 0.5000 0.0000
166.0400 0.5000 0.0000
166.0600 0.5000 0.0000
166.0800 0.5000 0.0000
166.1000 0.5000 0.0000
166.1200 0.5000 0.0000
166.1400 0.5000 0.0000
166.1600 0.5000 0.0000
166.1800 0.5000 0.0000
166.2000 0.5000 0.0000
166.2200 0.5000 0.0000
166.2400 0.5000 0.0000
166.2600 0.5000 0.0000
166.2800 0.5000 0.0000
166.3000 0.5000 0.0000
166.3200 0.5000 0.0000
166.3400 0.5000 0.0000
166.3600 0.5000 0.0000
166.3800 0.5000 0.0000
166.4000 0.5000 0.0000
166.4200 0.5000 0.0000
166.4400 0.5000 0.0000
166.4600 0.5000 0.0000
166.4800 0.5000 0.0000
166.5000 0.5000 0.0000
166.5200 0.5000 0.0000
166.5400 0.5000 0.0000
166.5600 0.5000 0.0000
166.5800 0.5000 0.0000
166.6000 0.5000 0.0000
166.6200 0.5000 0.0000
166.6400 0.5000 0.0000
166.6600 0.5000 0.0000
166.6800 0.5000 0.0000
166.7000 0.5000 0.0000
166.7200 0.5000 0.0000
166.7400 0.5000 0.0000
166.7600 0.5000 0.0000
166.7800 0.5000 0.0000
166.8000 0.5000 0.0000
166.8200 0.5000 0.0000
166.8400 0.5000 0.0000
166.8600 0.5000 0.0000
166.8800 0.5000 0.0000
166.9000 0.5000 0.0000
166.9200 0.5000 0.0000
166.9400 0.5000 0.0000
166.9600 0.5000 0.0000
166.9800 0.5000 0.0000
167.0000 0.5000 0.0000
167.0200 0.5000 0.0000
167.0400 0.5000 0.0000
167.0600 0.5000 0.0000
167.0800 0.5000 0.0000
167.1000 0.5000 0.0000
167.1200 0.5000 0.0000
167.1400 0.5000 0.0000
167.1600 0.5000 0.0000
167.1800 0.5000 0.0000
167.2000 0.5000 0.0000
167.2200 0.5000 0.0000
167.2400 0.5000 0.0000
167.2600 0.5000 0.0000
167.2800 0.5000 0.0000
167.3000 0.5000 0.0000
167.3200 0.5000 0.0000
167.3400 0.5000 0.0000
167.3600 0.5000 0.0000
167.3800 0.5000 0.0000
167.4000 0.5000 0.0000
167.4200 0.5000 0.0000
167.4400 0.5000 0.0000
167.4600 0.5000 0.0000
167.4800 0.5000 0.0000
167.5000 0.5000 0.0000
167.5200 0.5000 0.0000
167.5400 0.5000 0.0000
167.5600 0.5000 0.0000
167.5800 0.5000 0.0000
167.6000 0.5000 0.0000
167.6200 0.5000 0.0000
167.6400 0.5000 0.0000
167.6600 0.5000 0.0000
167.6800 0.5000 0.0000
167.7000 0.5000 0.0000
167.7200 0.5000 0.0000
167.7400 0.5000 0.0000
167.7600 0.5000 0.0000
167.7800 0.5000 0.0000
167.8000 0.5000 0.0000
167.8200 0.5000 0.0000
167.8400 0.5000 0.0000
167.8600 0.5000 0.0000
167.8800 0.5000 0.0000
167.9000 0.5000 0.0000
167.9200 0.5000 0.0000
167.9400 0.5000 0.0000
167.9600 0.5000 0.0000
167.9800 0.5000 0.0000
168.0000 0.5000 0.0000
168.0200 0.5000 0.0000
168.0400 0.5000 0.0000
168.0600 0.5000 0.0000
168.0800 0.5000 0.0000
168.1000 0.5000 0.0000
168.1200 0.5000 0.0000
168.1400 0.5000 0.0000
168.1600 0.5000 0.0000
168.1800 0.5000 0.0000
168.2000 0.5000 0.0000
168.2200 0.5000 0.0000
168.2400 0.5000 0.0000
168.2600 0.5000 0.0000
168.2800 0.5000 0.0000
168.3000 0.5000 0.0000
168.3200 0.5000 0.0000
168.3400 0.5000 0.0000
168.3600 0.5000 0.0000
168.3800 0.5000 0.0000
168.4000 0.5000 0.0000
168.4200 0.5000 0.0000
168.4400 0.5000 0.0000
168.4600 0.5000 0.0000
168.4800 0.5000 0.0000
168.5000 0.5000 0.0000
168.5200 0.5000 0.0000
168.5400 0.5000 0.0000
168.5600 0.5000 0.0000
168.5800 0.5000 0.0000
168.6000 0.5000 0.0000
168.6200 0.5000 0.0000
168.6400 0.5000 0.0000
168.6600 0.5000 0.0000
168.6800 0.5000 0.0000
168.7000 0.5000 0.0000
168.7200 0.5000 0.0000
168.7400 0.5000 0.0000
168.7600 0.5000 0.0000
168.7800 0.5000 0.0000
168.8000 0.5000 0.0000
168.8200 0.5000 0.0000
168.8400 0.5000 0.0000
168.8600 0.5000 0.0000
168.8800 0.5000 0.0000
168.9000 0.5000 0.0000
168.9200 0.5000 0.0000
168.9400 0.5000 0.0000
168.9600 0.5000 0.0000
168.9800 0.5000 0.0000
169.0000 0.0000 0.0000
169.0200 0.0000 0.0000
169.0400 0.0000 0.0000
169.0600 0.0000 0.0000
169.0800 0.0000 0.0000
169.1000 0.0000 0.0000
169.1200 0.0000 0.0000
169.1400 0.0000 0.0000
169.1600 0.0000 0.0000
169.1800 0.0000 0.0000
169.2000 0.0000 0.0000
169.2200 0.0000 0.0000
169.2400 0.0000 0.0000
169.2600 0.0000 0.0000
169.2800 0.0000 0.0000
169.3000 0.0000 0.0000
169.3200 0.0000 0.0000
169.3400 0.0000 0.0000
169.3600 0.0000 0.0000
169.3800 0.0000 0.0000
169.4000 0.0000 0.0000
169.4200 0.0000 0.0000
169.4400 0.0000 0.0000
169.4600 0.0000 0.0000
169.4800 0.0000 0.0000
169.5000 0.0000 0.0000
169.5200 0.0000 0.0000
169.5400 0.0000 0.0000
169.5600 0.0000 0.0000
169.5800 0.0000 0.0000
169.6000 0.0000 0.0000
169.6200 0.0000 0.0000
169.6400 0.0000 0.0000
169.6600 0.0000 0.0000
169.6800 0.0000 0.0000
169.7000 0.0000 0.0000
169.7200 0.0000 0.0000
169.7400 0.0000 0.0000
169.7600 0.0000 0.0000
169.7800 0.0000 0.0000
169.8000 0.0000 0.0000
169.8200 0.0000 0.0000
169.8400 0.0000 0.0000
169.8600 0.0000 0.0000
169.8800 0.0000 0.0000
169.9000 0.0000 0.0000
169.9200 0.0000 0.0000
169.9400 0.0000 0.0000
169.9600 0.0000 0.0000
169.9800 0.0000 0.0000
170.0000 0.0000 0.0000
170.0200 0.0000 0.0000
170.0400 0.0000 0.0000
170.0600 0.0000 0.0000
170.0800 0.0000 0.0000
170.1000 0.0000 0.0000
170.1200 0.0000 0.0000
170.1400 0.0000 0.0000
170.1600 0.0000 0.0000
170.1800 0.0000 0.0000
170.2000 0.0000 0.0000
170.2200 0.0000 0.0000
170.2400 0.0000 0.0000
170.2600 0.0000 0.0000
170.2800 0.0000 0.0000
170.3000 0.0000 0.0000
170.3200 0.0000 0.0000
170.3400 0.0000 0.0000
170.3600 0.0000 0.0000
170.3800 0.0000 0.0000
170.4000 0.0000 0.0000
170.4200 0.0000 0.0000
170.4400 0.0000 0.0000
170.4600 0.0000 0.0000
170.4800 0.0000 0.0000
170.5000 0.0000 0.0000
170.5200 0.0000 0.0000
170.5400 0.0000 0.0000
170.5600 0.0000 0.0000
170.5800 0.0000 0.0000
170.6000 0.0000 0.0000
170.6200 0.0000 0.0000
170.6400 0.0000 0.0000
170.6600 0.0000 0.0000
170.6800 0.0000 0.0000
170.7000 0.0000 0.0000
170.7200 0.0000 0.0000
170.7400 0.0000 0.0000
170.7600 0.0000 0.0000
170.7800 0.0000 0.0000
170.8000 0.0000 0.0000
170.8200 0.0000 0.0000
170.8400 0.0000 0.0000
170.8600 0.0000 0.0000
170.8800 0.0000 0.0000
170.9000 0.0000 0.0000
170.9200 0.0000 0.0000
170.9400 0.0000 0.0000
170.9600 0.0000 0.0000
170.9800 0.0000 0.0000
171.0000 0.0000 0.0000
171.0200 0.0000 0.0000
171.0400 0.0000 0.0000
171.0600 0.0000 0.0000
171.0800 0.0000 0.0000
171.1000 0.0000 0.0000
171.1200 0.0000 0.0000
171.1400 0.0000 0.0000
171.1600 0.0000 0.0000
171.1800 0.0000 0.0000
171.2000 0.0000 0.0000
171.2200 0.0000 0.0000
171.2400 0.0000 0.0000
171.2600 0.0000 0.0000
171.2800 0.0000 0.0000
171.3000 0.0000 0.0000
171.3200 0.0000 0.0000
171.3400 0.0000 0.0000
171.3600 0.0000 0.0000
171.3800 0.0000 0.0000
171.4000 0.0000 0.0000
171.4200 0.0000 0.0000
171.4400 0.0000 0.0000
171.4600 0.0000 0.0000
171.4800 0.0000 0.0000
171.5000 0.0000 0.0000
171.5200 0.0000 0.0000
171.5400 0.0000 0.0000
171.5600 0.0000 0.0000
171.5800 0.0000 0.0000
171.6000 0.0000 0.0000
171.6200 0.0000 0.0000
171.6400 0.0000 0.0000
171.6600 0.0000 0.0000
171.6800 0.0000 0.0000
171.7000 0.0000 0.0000
171.7200 0.0000 0.0000
171.7400 0.0000 0.0000
171.7600 0.0000 0.0000
171.7800 0.0000 0.0000
171.8000 0.0000 0.0000
171.8200 0.0000 0.0000
171.8400 0.0000 0.0000
171.8600 0.0000 0.0000
171.8800 0.0000 0.0000
171.9000 0.0000 0.0000
171.9200 0.0000 0.0000
171.9400 0.0000 0.0000
171.9600 0.0000 0.0000
171.9800 0.0000 0.0000
172.0000 0.0000 0.0000
172.0200 0.0000 0.0000
172.0400 0.0000 0.0000
172.0600 0.0000 0.0000
172.0800 0.0000 0.0000
172.1000 0.0000 0.0000
172.1200 0.0000 0.0000
172.1400 0.0000 0.0000
172.1600 0.0000 0.0000
172.1800 0.0000 0.0000
172.2000 0.0000 0.0000
172.2200 0.0000 0.0000
172.2400 0.0000 0.0000
172.2600 0.0000 0.0000
172.2800 0.0000 0.0000
172.3000 0.0000 0.0000
172.3200 0.0000 0.0000
172.3400 0.0000 0.0000
172.3600 0.0000 0.0000
172.3800 0.0000 0.0000
172.4000 0.0000 0.0000
172.4200 0.0000 0.0000
172.4400 0.0000 0.0000
172.4600 0.0000 0.0000
172.4800 0.0000 0.0000
172.5000 0.0000 0.0000
172.5200 0.0000 0.0000
172.5400 0.0000 0.0000
172.5600 0.0000 0.0000
172.5800 0.0000 0.0000
172.6000 0.0000 0.0000
172.6200 0.0000 0.0000
172.6400 0.0000 0.0000
172.6600 0.0000 0.0000
172.6800 0.0000 0.0000
172.7000 0.0000 0.0000
172.7200 0.0000 0.0000
172.7400 0.0000 0.0000
172.7600 0.0000 0.0000
172.7800 0.0000 0.0000
172.8000 0.0000 0.0000
172.8200 0.0000 0.0000
172.8400 0.0000 0.0000
172.8600 0.0000 0.0000
172.8800 0.0000 0.0000
172.9000 0.0000 0.0000
172.9200 0.0000 0.0000
172.9400 0.0000 0.0000
172.9600 0.0000 0.0000
172.9800 0.0000 0.0000
173.0000 0.0000 0.0000
173.0200 0.0000 0.0000
173.0400 0.0000 0.0000
173.0600 0.0000 0.0000
173.0800 0.0000 0.0000
173.1000 0.0000 0.0000
173.1200 0.0000 0.0000
173.1400 0.0000 0.0000
173.1600 0.0000 0.0000
173.1800 0.0000 0.0000
173.2000 0.0000 0.0000
173.2200 0.0000 0.0000
173.2400 0.0000 0.0000
173.2600 0.0000 0.0000
173.2800 0.0000 0.0000
173.3000 0.0000 0.0000
173.3200 0.0000 0.0000
173.3400 0.0000 0.0000
173.3600 0.0000 0.0000
173.3800 0.0000 0.0000
173.4000 0.0000 0.0000
173.4200 0.0000 0.0000
173.4400 0.0000 0.0000
173.4600 0.0000 0.0000
173.4800 0.0000 0.0000
173.5000 0.0000 0.0000
173.5200 0.0000 0.0000
173.5400 0.0000 0.0000
173.5600 0.0000 0.0000
173.5800 0.0000 0.0000
173.6000 0.0000 0.0000
173.6200 0.0000 0.0000
173.6400 0.0000 0.0000
173.6600 0.0000 0.0000
173.6800 0.0000 0.0000
173.7000 0.0000 0.0000
173.7200 0.0000 0.0000
173.7400 0.0000 0.0000
173.7600 0.0000 0.0000
173.7800 0.0000 0.0000
173.8000 0.0000 0.0000
173.8200 0.0000 0.0000
173.8400 0.0000 0.0000
173.8600 0.0000 0.0000
173.8800 0.0000 0.0000
173.9000 0.0000 0.0000
173.9200 0.0000 0.0000
173.9400 0.0000 0.0000
173.9600 0.0000 0.0000
173.9800 0.0000 0.0000
174.0000 0.0000 0.0000
174.0200 0.0000 0.0000
174.0400 0.0000 0.0000
174.0600 0.0000 0.0000
174.0800 0.0000 0.0000
174.1000 0.0000 0.0000
174.1200 0.0000 0.0000
174.1400 0.0000 0.0000
174.1600 0.0000 0.0000
174.1800 0.0000 0.0000
174.2000 0.0000 0.0000
174.2200 0.0000 0.0000
174.2400 0.0000 0.0000
174.2600 0.0000 0.0000
174.2800 0.0000 0.0000
174.3000 0.0000 0.0000
174.3200 0.0000 0.0000
174.3400 0.0000 0.0000
174.3600 0.0000 0.0000
174.3800 0.0000 0.0000
174.4000 0.0000 0.0000
174.4200 0.0000 0.0000
174.4400 0.0000 0.0000
174.4600 0.0000 0.0000
174.4800 0.0000 0.0000
174.5000 0.0000 0.0000
174.5200 0.0000 0.0000
174.5400 0.0000 0.0000
174.5600 0.0000 0.0000
174.5800 0.0000 0.0000
174.6000 0.0000 0.0000
174.6200 0.0000 0.0000
174.6400 0.0000 0.0000
174.6600 0.0000 0.0000
174.6800 0.0000 0.0000
174.7000 0.0000 0.0000
174.7200 0.0000 0.0000
174.7400 0.0000 0.0000
174.7600 0.0000 0.0000
174.7800 0.0000 0.0000
174.8000 0.0000 0.0000
174.8200 0.0000 0.0000
174.8400 0.0000 0.0000
174.8600 0.0000 0.0000
174.8800 0.0000 0.0000
174.9000 0.0000 0.0000
174.9200 0.0000 0.0000
174.9400 0.0000 0.0000
174.9600 0.0000 0.0000
174.9800 0.0000 0.0000
175.0000 0.0000 0.0000
175.0200 0.0000 0.0000
175.0400 0.0000 0.0000
175.0600 0.0000 0.0000
175.0800 0.0000 0.0000
175.1000 0.0000 0.0000
175.1200 0.0000 0.0000
175.1400 0.0000 0.0000
175.1600 0.0000 0.0000
175.1800 0.0000 0.0000
175.2000 0.0000 0.0000
175.2200 0.0000 0.0000
175.2400 0.0000 0.0000
175.2600 0.0000 0.0000
175.2800 0.0000 0.0000
175.3000 0.0000 0.0000
175.3200 0.0000 0.0000
175.3400 0.0000 0.0000
175.3600 0.0000 0.0000
175.3800 0.0000 0.0000
175.4000 0.0000 0.0000
175.4200 0.0000 0.0000
175.4400 0.0000 0.0000
175.4600 0.0000 0.0000
175.4800 0.0000 0.0000
175.5000 0.0000 0.0000
175.5200 0.0000 0.0000
175.5400 0.0000 0.0000
175.5600 0.0000 0.0000
175.5800 0.0000 0.0000
175.6000 0.0000 0.0000
175.6200 0.0000 0.0000
175.6400 0.0000 0.0000
175.6600 0.0000 0.0000
175.6800 0.0000 0.0000
175.7000 0.0000 0.0000
175.7200 0.0000 0.0000
175.7400 0.0000 0.0000
175.7600 0.0000 0.0000
175.7800 0.0000 0.0000
175.8000 0.0000 0.0000
175.8200 0.0000 0.0000
175.8400 0.0000 0.0000
175.8600 0.0000 0.0000
175.8800 0.0000 0.0000
175.9000 0.0000 0.0000
175.9200 0.0000 0.0000
175.9400 0.0000 0.0000
175.9600 0.0000 0.0000
175.9800 0.0000 0.0000
176.0000 0.0000 0.0000
176.0200 0.0000 0.0000
176.0400 0.0000 0.0000
176.0600 0.0000 0.0000
176.0800 0.0000 0.0000
176.1000 0.0000 0.0000
176.1200 0.0000 0.0000
176.1400 0.0000 0.0000
176.1600 0.0000 0.0000
176.1800 0.0000 0.0000
176.2000 0.0000 0.0000
176.2200 0.0000 0.0000
176.2400 0.0000 0.0000
176.2600 0.0000 0.0000
176.2800 0.0000 0.0000
176.3000 0.0000 0.0000
176.3200 0.0000 0.0000
176.3400 0.0000 0.0000
176.3600 0.0000 0.0000
176.3800 0.0000 0.0000
176.4000 0.0000 0.0000
176.4200 0.0000 0.0000
176.4400 0.0000 0.0000
176.4600 0.0000 0.0000
176.4800 0.0000 0.0000
176.5000 0.0000 0.0000
176.5200 0.0000 0.0000
176.5400 0.0000 0.0000
176.5600 0.0000 0.0000
176.5800 0.0000 0.0000
176.6000 0.0000 0.0000
176.6200 0.0000 0.0000
176.6400 0.0000 0.0000
176.6600 0.0000 0.0000
176.6800 0.0000 0.0000
176.7000 0.0000 0.0000
176.7200 0.0000 0.0000
176.7400 0.0000 0.0000
176.7600 0.0000 0.0000
176.7800 0.0000 0.0000
176.8000 0.0000 0.0000
176.8200 0.0000 0.0000
176.8400 0.0000 0.0000
176.8600 0.0000 0.0000
176.8800 0.0000 0.0000
176.9000 0.0000 0.0000
176.9200 0.0000 0.0000
176.9400 0.0000 0.0000
176.9600 0.0000 0.0000
176.9800 0.0000 0.0000
177.0000 0.0000 0.0000
177.0200 0.0000 0.0000
177.0400 0.0000 0.0000
177.0600 0.0000 0.0000
177.0800 0.0000 0.0000
177.1000 0.0000 0.0000
177.1200 0.0000 0.0000
177.1400 0.0000 0.0000
177.1600 0.0000 0.0000
177.1800 0.0000 0.0000
177.2000 0.0000 0.0000
177.2200 0.0000 0.0000
177.2400 0.0000 0.0000
177.2600 0.0000 0.0000
177.2800 0.0000 0.0000
177.3000 0.0000 0.0000
177.3200 0.0000 0.0000
177.3400 0.0000 0.0000
177.3600 0.0000 0.0000
177.3800 0.0000 0.0000
177.4000 0.0000 0.0000
177.4200 0.0000 0.0000
177.4400 0.0000 0.0000
177.4600 0.0000 0.0000
177.4800 0.0000 0.0000
177.5000 0.0000 0.0000
177.5200 0.0000 0.0000
177.5400 0.0000 0.0000
177.5600 0.0000 0.0000
177.5800 0.0000 0.0000
177.6000 0.0000 0.0000
177.6200 0.0000 0.0000
177.6400 0.0000 0.0000
177.6600 0.0000 0.0000
177.6800 0.0000 0.0000
177.7000 0.0000 0.0000
177.7200 0.0000 0.0000
177.7400 0.0000 0.0000
177.7600 0.0000 0.0000
177.7800 0.0000 0.0000
177.8000 0.0000 0.0000
177.8200 0.0000 0.0000
177.8400 0.0000 0.0000
177.8600 0.0000 0.0000
177.8800 0.0000 0.0000
177.9000 0.0000 0.0000
177.9200 0.0000 0.0000
177.9400 0.0000 0.0000
177.9600 0.0000 0.0000
177.9800 0.0000 0.0000
178.0000 0.0000 0.0000
178.0200 0.0000 0.0000
178.0400 0.0000 0.0000
178.0600 0.0000 0.0000
178.0800 0.0000 0.0000
178.1000 0.0000 0.0000
178.1200 0.0000 0.0000
178.1400 0.0000 0.0000
178.1600 0.0000 0.0000
178.1800 0.0000 0.0000
178.2000 0.0000 0.0000
178.2200 0.0000 0.0000
178.2400 0.0000 0.0000
178.2600 0.0000 0.0000
178.2800 0.0000 0.0000
178.3000 0.0000 0.0000
178.3200 0.0000 0.0000
178.3400 0.0000 0.0000
178.3600 0.0000 0.0000
178.3800 0.0000 0.0000
178.4000 0.0000 0.0000
178.4200 0.0000 0.0000
178.4400 0.0000 0.0000
178.4600 0.0000 0.0000
178.4800 0.0000 0.0000
178.5000 0.0000 0.0000
178.5200 0.0000 0.0000
178.5400 0.0000 0.0000
178.5600 0.0000 0.0000
178.5800 0.0000 0.0000
178.6000 0.0000 0.0000
178.6200 0.0000 0.0000
178.6400 0.0000 0.0000
178.6600 0.0000 0.0000
178.6800 0.0000 0.0000
178.7000 0.0000 0.0000
178.7200 0.0000 0.0000
178.7400 0.0000 0.0000
178.7600 0.0000 0.0000
178.7800 0.0000 0.0000
178.8000 0.0000 0.0000
178.8200 0.0000 0.0000
178.8400 0.0000 0.0000
178.8600 0.0000 0.0000
178.8800 0.0000 0.0000
178.9000 0.0000 0.0000
178.9200 0.0000 0.0000
178.9400 0.0000 0.0000
178.9600 0.0000 0.0000
178.9800 0.0000 0.0000
179.0000 0.0000 0.0000
179.0200 0.0000 0.0000
179.0400 0.0000 0.0000
179.0600 0.0000 0.0000
179.0800 0.0000 0.0000
179.1000 0.0000 0.0000
179.1200 0.0000 0.0000
179.1400 0.0000 0.0000
179.1600 0.0000 0.0000
179.1800 0.0000 0.0000
179.2000 0.0000 0.0000
179.2200 0.0000 0.0000
179.2400 0.0000 0.0000
179.2600 0.0000 0.0000
179.2800 0.0000 0.0000
179.3000 0.0000 0.0000
179.3200 0.0000 0.0000
179.3400 0.0000 0.0000
179.3600 0.0000 0.0000
179.3800 0.0000 0.0000
179.4000 0.0000 0.0000
179.4200 0.0000 0.0000
179.4400 0.0000 0.0000
179.4600 0.0000 0.0000
179.4800 0.0000 0.0000
179.5000 0.0000 0.0000
179.5200 0.0000 0.0000
179.5400 0.0000 0.0000
179.5600 0.0000 0.0000
179.5800 0.0000 0.0000
179.6000 0.0000 0.0000
179.6200 0.0000 0.0000
179.6400 0.0000 0.0000
179.6600 0.0000 0.0000
179.6800 0.0000 0.0000
179.7000 0.0000 0.0000
179.7200 0.0000 0.0000
179.7400 0.0000 0.0000
179.7600 0.0000 0.0000
179.7800 0.0000 0.0000
179.8000 0.0000 0.0000
179.8200 0.0000 0.0000
179.8400 0.0000 0.0000
179.8600 0.0000 0.0000
179.8800 0.0000 0.0000
179.9000 0.0000 0.0000
179.9200 0.0000 0.0000
179.9400 0.0000 0.0000
179.9600 0.0000 0.0000
179.9800 0.0000 0.0000
180.0000 0.0000 0.0000
180.0200 0.0000 0.0000
180.0400 0.0000 0.0000
180.0600 0.0000 0.0000
180.0800 0.0000 0.0000
180.1000 0.0000 0.0000
180.1200 0.0000 0.0000
180.1400 0.0000 0.0000
180.1600 0.0000 0.0000
180.1800 0.0000 0.0000
180.2000 0.0000 0.0000
180.2200 0.0000 0.0000
180.2400 0.0000 0.0000
180.2600 0.0000 0.0000
180.2800 0.0000 0.0000
180.3000 0.0000 0.0000
180.3200 0.0000 0.0000
180.3400 0.0000 0.0000
180.3600 0.0000 0.0000
180.3800 0.0000 0.0000
180.4000 0.0000 0.0000
180.4200 0.0000 0.0000
180.4400 0.0000 0.0000
180.4600 0.0000 0.0000
180.4800 0.0000 0.0000
180.5000 0.0000 0.0000
180.5200 0.0000 0.0000
180.5400 0.0000 0.0000
180.5600 0.0000 0.0000
180.5800 0.0000 0.0000
180.6000 0.0000 0.0000
180.6200 0.0000 0.0000
180.6400 0.0000 0.0000
180.6600 0.0000 0.0000
180.6800 0.0000 0.0000
180.7000 0.0000 0.0000
180.7200 0.0000 0.0000
180.7400 0.0000 0.0000
180.7600 0.0000 0.0000
180.7800 0.0000 0.0000
180.8000 0.0000 0.0000
180.8200 0.0000 0.0000
180.8400 0.0000 0.0000
180.8600 0.0000 0.0000
180.8800 0.0000 0.0000
180.9000 0.0000 0.0000
180.9200 0.0000 0.0000
180.9400 0.0000 0.0000
180.9600 0.0000 0.0000
180.9800 0.0000 0.0000
181.0000 0.0000 0.0000
181.0200 0.0000 0.0000
181.0400 0.0000 0.0000
181.0600 0.0000 0.0000
181.0800 0.0000 0.0000
181.1000 0.0000 0.0000
181.1200 0.0000 0.0000
181.1400 0.0000 0.0000
181.1600 0.0000 0.0000
181.1800 0.0000 0.0000
181.2000 0.0000 0.0000
181.2200 0.0000 0.0000
181.2400 0.0000 0.0000
181.2600 0.0000 0.0000
181.2800 0.0000 0.0000
181.3000 0.0000 0.0000
181.3200 0.0000 0.0000
181.3400 0.0000 0.0000
181.3600 0.0000 0.0000
181.3800 0.0000 0.0000
181.4000 0.0000 0.0000
181.4200 0.0000 0.0000
181.4400 0.0000 0.0000
181.4600 0.0000 0.0000
181.4800 0.0000 0.0000
181.5000 0.0000 0.0000
181.5200 0.0000 0.0000
181.5400 0.0000 0.0000
181.5600 0.0000 0.0000
181.5800 0.0000 0.0000
181.6000 0.0000 0.0000
181.6200 0.0000 0.0000
181.6400 0.0000 0.0000
181.6600 0.0000 0.0000
181.6800 0.0000 0.0000
181.7000 0.0000 0.0000
181.7200 0.0000 0.0000
181.7400 0.0000 0.0000
181.7600 0.0000 0.0000
181.7800 0.0000 0.0000
181.8000 0.0000 0.0000
181.8200 0.0000 0.0000
181.8400 0.0000 0.0000
181.8600 0.0000 0.0000
181.8800 0.0000 0.0000
181.9000 0.0000 0.0000
181.9200 0.0000 0.0000
181.9400 0.0000 0.0000
181.9600 0.0000 0.0000
181.9800 0.0000 0.0000
182.0000 0.0000 0.0000
182.0200 0.0000 0.0000
182.0400 0.0000 0.0000
182.0600 0.0000 0.0000
182.0800 0.0000 0.0000
182.1000 0.0000 0.0000
182.1200 0.0000 0.0000
182.1400 0.0000 0.0000
182.1600 0.0000 0.0000
182.1800 0.0000 0.0000
182.2000 0.0000 0.0000
182.2200 0.0000 0.0000
182.2400 0.0000 0.0000
182.2600 0.0000 0.0000
182.2800 0.0000 0.0000
182.3000 0.0000 0.0000
182.3200 0.0000 0.0000
182.3400 0.0000 0.0000
182.3600 0.0000 0.0000
182.3800 0.0000 0.0000
182.4000 0.0000 0.0000
182.4200 0.0000 0.0000
182.4400 0.0000 0.0000
182.4600 0.0000 0.0000
182.4800 0.0000 0.0000
182.5000 0.0000 0.0000
182.5200 0.0000 0.0000
182.5400 0.0000 0.0000
182.5600 0.0000 0.0000
182.5800 0.0000 0.0000
182.6000 0.0000 0.0000
182.6200 0.0000 0.0000
182.6400 0.0000 0.0000
182.6600 0.0000 0.0000
182.6800 0.0000 0.0000
182.7000 0.0000 0.0000
182.7200 0.0000 0.0000
182.7400 0.0000 0.0000
182.7600 0.0000 0.0000
182.7800 0.0000 0.0000
182.8000 0.0000 0.0000
182.8200 0.0000 0.0000
182.8400 0.0000 0.0000
182.8600 0.0000 0.0000
182.8800 0.0000 0.0000
182.9000 0.0000 0.0000
182.9200 0.0000 0.0000
182.9400 0.0000 0.0000
182.9600 0.0000 0.0000
182.9800 0.0000 0.0000
183.0000 0.0000 0.0000
183.0200 0.0000 0.0000
183.0400 0.0000 0.0000
183.0600 0.0000 0.0000
183.0800 0.0000 0.0000
183.1000 0.0000 0.0000
183.1200 0.0000 0.0000
183.1400 0.0000 0.0000
183.1600 0.0000 0.0000
183.1800 0.0000 0.0000
183.2000 0.0000 0.0000
183.2200 0.0000 0.0000
183.2400 0.0000 0.0000
183.2600 0.0000 0.0000
183.2800 0.0000 0.0000
183.3000 0.0000 0.0000
183.3200 0.0000 0.0000
183.3400 0.0000 0.0000
183.3600 0.0000 0.0000
183.3800 0.0000 0.0000
183.4000 0.0000 0.0000
183.4200 0.0000 0.0000
183.4400 0.0000 0.0000
183.4600 0.0000 0.0000
183.4800 0.0000 0.0000
183.5000 0.0000 0.0000
183.5200 0.0000 0.0000
183.5400 0.0000 0.0000
183.5600 0.0000 0.0000
183.5800 0.0000 0.0000
183.6000 0.0000 0.0000
183.6200 0.0000 0.0000
183.6400 0.0000 0.0000
183.6600 0.0000 0.0000
183.6800 0.0000 0.0000
183.7000 0.0000 0.0000
183.7200 0.0000 0.0000
183.7400 0.0000 0.0000
183.7600 0.0000 0.0000
183.7800 0.0000 0.0000
183.8000 0.0000 0.0000
183.8200 0.0000 0.0000
183.8400 0.0000 0.0000
183.8600 0.0000 0.0000
183.8800 0.0000 0.0000
183.9000 0.0000 0.0000
183.9200 0.0000 0.0000
183.9400 0.0000 0.0000
183.9600 0.0000 0.0000
183.9800 0.0000 0.0000
184.0000 0.0000 0.0000
184.0200 0.0000 0.0000
184.0400 0.0000 0.0000
184.0600 0.0000 0.0000
184.0800 0.0000 0.0000
184.1000 0.0000 0.0000
184.1200 0.0000 0.0000
184.1400 0.0000 0.0000
184.1600 0.0000 0.0000
184.1800 0.0000 0.0000
184.2000 0.0000 0.0000
184.2200 0.0000 0.0000
184.2400 0.0000 0.0000
184.2600 0.0000 0.0000
184.2800 0.0000 0.0000
184.3000 0.0000 0.0000
184.3200 0.0000 0.0000
184.3400 0.0000 0.0000
184.3600 0.0000 0.0000
184.3800 0.0000 0.0000
184.4000 0.0000 0.0000
184.4200 0.0000 0.0000
184.4400 0.0000 0.0000
184.4600 0.0000 0.0000
184.4800 0.0000 0.0000
184.5000 0.0000 0.0000
184.5200 0.0000 0.0000
184.5400 0.0000 0.0000
184.5600 0.0000 0.0000
184.5800 0.0000 0.0000
184.6000 0.0000 0.0000
184.6200 0.0000 0.0000
184.6400 0.0000 0.0000
184.6600 0.0000 0.0000
184.6800 0.0000 0.0000
184.7000 0.0000 0.0000
184.7200 0.0000 0.0000
184.7400 0.0000 0.0000
184.7600 0.0000 0.0000
184.7800 0.0000 0.0000
184.8000 0.0000 0.0000
184.8200 0.0000 0.0000
184.8400 0.0000 0.0000
184.8600 0.0000 0.0000
184.8800 0.0000 0.0000
184.9000 0.0000 0.0000
184.9200 0.0000 0.0000
184.9400 0.0000 0.0000
184.9600 0.0000 0.0000
184.9800 0.0000 0.0000
185.0000 0.0000 0.0000
185.0200 0.0000 0.0000
185.0400 0.0000 0.0000
185.0600 0.0000 0.0000
185.0800 0.0000 0.0000
185.1000 0.0000 0.0000
185.1200 0.0000 0.0000
185.1400 0.0000 0.0000
185.1600 0.0000 0.0000
185.1800 0.0000 0.0000
185.2000 0.0000 0.0000
185.2200 0.0000 0.0000
185.2400 0.0000 0.0000
185.2600 0.0000 0.0000
185.2800 0.0000 0.0000
185.3000 0.0000 0.0000
185.3200 0.0000 0.0000
185.3400 0.0000 0.0000
185.3600 0.0000 0.0000
185.3800 0.0000 0.0000
185.4000 0.0000 0.0000
185.4200 0.0000 0.0000
185.4400 0.0000 0.0000
185.4600 0.0000 0.0000
185.4800 0.0000 0.0000
185.5000 0.0000 0.0000
185.5200 0.0000 0.0000
185.5400 0.0000 0.0000
185.5600 0.0000 0.0000
185.5800 0.0000 0.0000
185.6000 0.0000 0.0000
185.6200 0.0000 0.0000
185.6400 0.0000 0.0000
185.6600 0.0000 0.0000
185.6800 0.0000 0.0000
185.7000 0.0000 0.0000
185.7200 0.0000 0.0000
185.7400 0.0000 0.0000
185.7600 0.0000 0.0000
185.7800 0.0000 0.0000
185.8000 0.0000 0.0000
185.8200 0.0000 0.0000
185.8400 0.0000 0.0000
185.8600 0.0000 0.0000
185.8800 0.0000 0.0000
